7.289196654566866300e+02 1.165756451855981091e+00 1.228822678488721998e+01 1.165756451855981091e+00 7.509026403040136302e+02 -1.168991916875453896e+00 1.228822678488721998e+01 -1.168991916875453896e+00 7.081774321597588369e+02
8.934076825224265122e+02 -1.090847344208017944e+01 -9.272960106485884424e+00 -1.090847344208017944e+01 8.731124674836726172e+02 -2.353603136959717546e+01 -9.272960106485884424e+00 -2.353603136959717546e+01 9.003475468739536609e+02
5.399923665126589185e+02 -2.445557576384025467e+01 -1.206583850982208617e+01 -2.445557576384025467e+01 6.150923513769259898e+02 3.192703582708969634e+01 -1.206583850982208617e+01 3.192703582708969634e+01 5.168105623021933752e+02
8.387872333433521135e+02 2.573677089417201636e+00 1.020373300209560519e+01 2.573677089417201636e+00 8.832695437248904682e+02 2.164418665381193208e+01 1.020373300209560519e+01 2.164418665381193208e+01 8.606428627555631010e+02
5.906851562387830654e+02 5.138669832867189768e+01 1.478946331169934325e+01 5.138669832867189768e+01 5.849868449331274860e+02 -7.754378420124383275e+00 1.478946331169934325e+01 -7.754378420124383275e+00 5.800327453669626721e+02
8.669559318622840465e+02 -9.155329185243950008e+00 -1.194399430139096197e+01 -9.155329185243950008e+00 8.867198831874579810e+02 -9.059568211843689767e+00 -1.194399430139096197e+01 -9.059568211843689767e+00 9.046432592168148403e+02
6.497910942932608123e+02 5.838248212944016302e+01 2.388104059341964458e+01 5.838248212944016302e+01 6.588928525456441321e+02 -1.565021397085113897e+00 2.388104059341964458e+01 -1.565021397085113897e+00 6.576550287777160975e+02
8.276301442059158262e+02 1.907361613761242936e+01 -3.002771830237913164e+00 1.907361613761242936e+01 9.062764513459613909e+02 3.631435882264428017e+01 -3.002771830237913164e+00 3.631435882264428017e+01 8.566300427900913519e+02
6.788719004442809819e+02 1.047987722079068895e+01 -5.430309467501123422e+00 1.047987722079068895e+01 7.580161238715194258e+02 3.925892568298465335e+01 -5.430309467501123422e+00 3.925892568298465335e+01 6.618945846840884997e+02
6.374064747029824503e+02 3.695962577423504758e+00 -4.386056805292986915e+00 3.695962577423504758e+00 6.591854230463727617e+02 7.305863717480648667e+00 -4.386056805292986915e+00 7.305863717480648667e+00 6.492551635161389640e+02
7.701715844420106123e+02 3.849936120484402124e+01 1.175789132925536862e+01 3.849936120484402124e+01 8.669930345358823160e+02 2.993564850637866570e+01 1.175789132925536862e+01 2.993564850637866570e+01 8.091929388118612678e+02
7.988301556415592586e+02 2.007070229126492222e+01 -6.096962550692712313e+01 2.007070229126492222e+01 8.299651318897889496e+02 2.406939521941412696e+00 -6.096962550692712313e+01 2.406939521941412696e+00 8.628446766100666991e+02
7.969672724871323908e+02 -2.522302669256871077e+00 -1.319828087385121940e+01 -2.522302669256871077e+00 8.968629004946283203e+02 3.674840779179996986e+01 -1.319828087385121940e+01 3.674840779179996986e+01 8.264810536189103232e+02
7.993209625180473950e+02 4.423813887493148300e+00 -1.375041241469766362e+01 4.423813887493148300e+00 8.901719953254092843e+02 2.705531770379092293e+01 -1.375041241469766362e+01 2.705531770379092293e+01 8.330005614254976081e+02
8.048620758063252651e+02 -1.170882015697476142e+01 6.561574387039142664e+01 -1.170882015697476142e+01 8.786094299752473944e+02 -3.416232088641277187e+01 6.561574387039142664e+01 -3.416232088641277187e+01 8.237547984863117563e+02
8.252437922254634941e+02 2.273709895022664629e+00 -8.366357871231913990e+00 2.273709895022664629e+00 8.966060580619616758e+02 2.588625301976948379e+01 -8.366357871231913990e+00 2.588625301976948379e+01 8.367400988262372721e+02
7.954662878615379213e+02 4.414562884829021527e+01 -6.339476775926411278e+01 4.414562884829021527e+01 8.451499513971984925e+02 9.234437497342279144e+00 -6.339476775926411278e+01 9.234437497342279144e+00 8.582410931539770900e+02
8.052586262896230664e+02 2.684392610043576610e+01 -6.340428292695560941e+01 2.684392610043576610e+01 8.342713563187570571e+02 1.272993290819324841e+01 -6.340428292695560941e+01 1.272993290819324841e+01 8.603409584392924216e+02
5.523424220315744151e+02 -2.002705530112610433e+01 -8.693777291885105285e+00 -2.002705530112610433e+01 6.468373450235345672e+02 -1.077995186001739114e+01 -8.693777291885105285e+00 -1.077995186001739114e+01 5.475603384300782182e+02
6.461293613781069780e+02 -1.686701342248887414e+01 9.587064660653689785e+00 -1.686701342248887414e+01 7.019526849637526311e+02 -1.998082515817380056e+01 9.587064660653689785e+00 -1.998082515817380056e+01 6.895361616817309596e+02
8.107169651917183728e+02 2.884503579633325709e-01 7.475362948307478916e+01 2.884503579633325709e-01 8.620470282839271476e+02 -3.949625958051056074e+01 7.475362948307478916e+01 -3.949625958051056074e+01 8.369201094742928717e+02
8.590595070981937624e+02 1.505872085865408927e+01 4.017364752020768037e+01 1.505872085865408927e+01 8.318238276463067677e+02 1.744628769129983326e+01 4.017364752020768037e+01 1.744628769129983326e+01 8.302711396777655182e+02
8.889257447921763742e+02 -6.095309015750239645e+00 -1.289712392350696923e+01 -6.095309015750239645e+00 8.726566258210933711e+02 -1.358515390007211820e+01 -1.289712392350696923e+01 -1.358515390007211820e+01 9.131997002077339403e+02
8.908258781347725517e+02 -3.633996145925561905e+01 3.113726774533628472e+01 -3.633996145925561905e+01 9.186426712358146460e+02 9.236167832027888380e+00 3.113726774533628472e+01 9.236167832027888380e+00 8.565254691929484352e+02
7.754532230194989779e+02 1.184279738354232281e+00 5.325418571120624023e+01 1.184279738354232281e+00 8.714029923947795169e+02 -3.570373619579969926e+01 5.325418571120624023e+01 -3.570373619579969926e+01 8.289380245591720495e+02
8.822084136251379505e+02 -5.220814656180661650e+00 -1.223975944453241205e+01 -5.220814656180661650e+00 8.666056284287900553e+02 -2.100147061851748376e+01 -1.223975944453241205e+01 -2.100147061851748376e+01 9.012384409531318852e+02
7.061098725287446314e+02 -3.151825184725684892e+01 8.480666053230406121e+00 -3.151825184725684892e+01 7.530253920716256744e+02 1.025315399796440019e+01 8.480666053230406121e+00 1.025315399796440019e+01 7.155992265604905924e+02
7.906310835920704676e+02 2.570264698171217166e+00 6.824450783323715086e+01 2.570264698171217166e+00 8.778193544342353789e+02 -2.719325141265024826e+01 6.824450783323715086e+01 -2.719325141265024826e+01 8.454263157808801452e+02
8.332264230958440976e+02 1.086459573406138901e+01 -8.777194124122550178e+00 1.086459573406138901e+01 8.587482809009201219e+02 2.332758052754343581e+01 -8.777194124122550178e+00 2.332758052754343581e+01 8.141156725428502341e+02
7.112290276969674778e+02 5.747466088873244416e+01 2.119477100236631628e+01 5.747466088873244416e+01 7.094300788423785207e+02 -1.346312774790819056e+01 2.119477100236631628e+01 -1.346312774790819056e+01 7.223767485820151251e+02
7.921502952108032787e+02 3.994597088160023191e+01 1.357403764220238074e+01 3.994597088160023191e+01 9.098889171433585261e+02 2.742202305771902360e+01 1.357403764220238074e+01 2.742202305771902360e+01 8.381364516163552025e+02
7.711512120355761226e+02 5.459124722532675378e+01 2.991883593906726801e+01 5.459124722532675378e+01 7.667526756689567264e+02 1.903989504210635886e+01 2.991883593906726801e+01 1.903989504210635886e+01 8.020067212300648407e+02
8.272424550254469295e+02 3.247922735899378210e+01 -6.586878237581943552e+01 3.247922735899378210e+01 8.248121538201369276e+02 1.331835373507306741e+01 -6.586878237581943552e+01 1.331835373507306741e+01 8.522716490816587793e+02
7.947176828828438602e+02 7.997967230914592385e+00 3.345663227522597793e+01 7.997967230914592385e+00 7.744444104035172813e+02 3.645005715116984391e+01 3.345663227522597793e+01 3.645005715116984391e+01 7.677640895905589105e+02
6.366096544959002586e+02 -1.752172970858018175e+01 -4.261146175506988598e+00 -1.752172970858018175e+01 6.893325215469221803e+02 2.393307924800775410e+01 -4.261146175506988598e+00 2.393307924800775410e+01 6.070019137161334584e+02
7.838041293299281733e+02 2.883851779029831519e+01 -6.139946288935685459e+01 2.883851779029831519e+01 8.281623007959684628e+02 1.540393056978296649e+00 -6.139946288935685459e+01 1.540393056978296649e+00 8.516864835798895683e+02
7.396177393450083173e+02 2.887521032155121858e+01 1.072657104612193280e+01 2.887521032155121858e+01 8.125940501822813076e+02 3.469065809219633678e+01 1.072657104612193280e+01 3.469065809219633678e+01 7.458525314643848105e+02
5.156252372119309939e+02 -2.837580275602165614e+01 -1.190156709288541848e+01 -2.837580275602165614e+01 5.788017031075652312e+02 -8.299957767682174747e+00 -1.190156709288541848e+01 -8.299957767682174747e+00 5.380632434322976678e+02
8.196867153252950402e+02 4.248583282895936719e+01 3.872923442520387738e+01 4.248583282895936719e+01 8.260642396678351815e+02 1.487332494268996541e+01 3.872923442520387738e+01 1.487332494268996541e+01 8.464153074247101358e+02
7.923226846250149720e+02 5.177035676741468961e+01 -6.826954090483414461e+01 5.177035676741468961e+01 8.167116045729488860e+02 9.124199791075762178e+00 -6.826954090483414461e+01 9.124199791075762178e+00 8.314357889871105272e+02
8.755189120337323629e+02 -8.274065442509504820e+00 -6.065358670057068302e+00 -8.274065442509504820e+00 8.862246338127110903e+02 -2.443321431227337825e+01 -6.065358670057068302e+00 -2.443321431227337825e+01 9.223545599659165646e+02
6.095467647410838481e+02 2.773342386621202138e+00 -6.950338941527956393e+00 2.773342386621202138e+00 6.426848488828962900e+02 1.184441246354952426e+01 -6.950338941527956393e+00 1.184441246354952426e+01 6.310115911141133438e+02
8.109843287124849667e+02 -3.438652803870437258e-01 -1.353585140010144272e+01 -3.438652803870437258e-01 8.558425580162922870e+02 1.662097696231565536e+01 -1.353585140010144272e+01 1.662097696231565536e+01 8.179571621759891968e+02
8.425580653003765974e+02 -3.810347747881078107e+01 3.196380493769452613e+01 -3.810347747881078107e+01 8.846207837921172086e+02 1.602279157603989290e+01 3.196380493769452613e+01 1.602279157603989290e+01 8.221448736002844271e+02
7.799786549159514379e+02 -4.839380504320070386e+00 5.995951781209689813e+01 -4.839380504320070386e+00 8.765303660941933686e+02 -2.359829798541172963e+01 5.995951781209689813e+01 -2.359829798541172963e+01 8.389712026578220048e+02
7.867124951423195398e+02 -5.827119735830307512e+00 5.635051236729675850e+01 -5.827119735830307512e+00 8.833317613226673757e+02 -2.483126631814613816e+01 5.635051236729675850e+01 -2.483126631814613816e+01 8.469475802702839928e+02
8.019710414030396350e+02 -7.227236674382433890e+00 5.540287349591464050e+01 -7.227236674382433890e+00 8.740245821634879348e+02 -2.320951466890717896e+01 5.540287349591464050e+01 -2.320951466890717896e+01 8.448943750032924527e+02
9.130951368624303086e+02 -1.030875370083908749e+01 1.538376760414642996e+00 -1.030875370083908749e+01 8.812420752466759950e+02 -2.131727753151459126e+01 1.538376760414642996e+00 -2.131727753151459126e+01 9.081778743066056450e+02
8.998984179386665119e+02 -1.298104197932118709e+01 -1.095774369283224203e+01 -1.298104197932118709e+01 8.783395318112463883e+02 -3.552534776693680385e+01 -1.095774369283224203e+01 -3.552534776693680385e+01 9.227877976555299711e+02
8.236358542997794530e+02 1.219031975567538417e+01 -6.359011762559050318e+00 1.219031975567538417e+01 8.903425155979015244e+02 2.964156364861910475e+01 -6.359011762559050318e+00 2.964156364861910475e+01 8.377471331909043784e+02
7.351471750421018214e+02 4.512934036536837823e+01 -3.532709970003440336e+00 4.512934036536837823e+01 8.234598262130081139e+02 3.176360043181565018e+01 -3.532709970003440336e+00 3.176360043181565018e+01 7.593974928795861388e+02
8.156843391711281583e+02 -1.615129240067268768e+00 4.936715096372646627e+01 -1.615129240067268768e+00 8.087116060567689146e+02 1.606271379844054437e+01 4.936715096372646627e+01 1.606271379844054437e+01 7.869863924735585670e+02
8.524597197347883366e+02 3.770441213482376952e+01 4.730127669949234814e+01 3.770441213482376952e+01 8.798856660381712800e+02 1.383091330549939890e+01 4.730127669949234814e+01 1.383091330549939890e+01 8.718514906936100033e+02
6.806852660444884577e+02 9.156110448834914095e+00 2.773754132674205231e+00 9.156110448834914095e+00 7.190030509428146388e+02 9.499382649276101986e+00 2.773754132674205231e+00 9.499382649276101986e+00 6.821538993899025627e+02
5.657155780604896336e+02 3.226658174956109804e+01 7.696973206247353261e+00 3.226658174956109804e+01 5.173720243131296002e+02 -7.087058392014381702e+00 7.696973206247353261e+00 -7.087058392014381702e+00 5.510209753736007769e+02
7.947281803477135327e+02 1.853550394661115774e+01 -7.962936251315620950e+01 1.853550394661115774e+01 8.352223898443500048e+02 3.657091499259271572e+00 -7.962936251315620950e+01 3.657091499259271572e+00 8.587063913775839410e+02
8.097707243345352026e+02 2.292636784170673891e+01 -6.374441830706705048e+01 2.292636784170673891e+01 8.425358799956575240e+02 2.150901829987780900e+01 -6.374441830706705048e+01 2.150901829987780900e+01 8.507987942322878325e+02
6.294853535014722183e+02 -1.562639551177512853e+00 -1.232769851293475494e+00 -1.562639551177512853e+00 7.115487562914456703e+02 4.242957218915729811e+01 -1.232769851293475494e+00 4.242957218915729811e+01 6.166422239987524563e+02
7.703422334643308886e+02 -3.034912996883917913e+01 3.187466883259918049e+01 -3.034912996883917913e+01 8.292678103028995338e+02 3.755382725582693038e+00 3.187466883259918049e+01 3.755382725582693038e+00 7.345879731495945180e+02
6.545934061971855726e+02 4.296392381489772561e+01 1.761539714514097454e+01 4.296392381489772561e+01 6.262956692682610083e+02 -2.886490617484152921e+00 1.761539714514097454e+01 -2.886490617484152921e+00 6.327956935434630168e+02
8.176293870730639810e+02 1.327108832031902352e+01 -4.408479607862970440e+00 1.327108832031902352e+01 8.942292903389264893e+02 3.039272159460482214e+01 -4.408479607862970440e+00 3.039272159460482214e+01 8.234425299816763300e+02
8.009806771384755848e+02 1.263870301266582352e+01 7.649500594040395640e+01 1.263870301266582352e+01 8.533061200910609614e+02 -3.382286351463175578e+01 7.649500594040395640e+01 -3.382286351463175578e+01 8.341889902977015936e+02
8.366557083179676511e+02 -2.019485409235051776e+01 1.979441292875367253e+01 -2.019485409235051776e+01 8.540358305704270379e+02 8.557313860918964732e-01 1.979441292875367253e+01 8.557313860918964732e-01 7.857849902773141366e+02
6.156160040705545953e+02 -3.518658504271918730e+01 8.949464526170247680e+00 -3.518658504271918730e+01 6.800439142003723418e+02 -1.875878983144684398e+01 8.949464526170247680e+00 -1.875878983144684398e+01 6.091995960234808081e+02
7.127413966610536136e+02 2.593224352750853612e+01 7.279544335222810858e+00 2.593224352750853612e+01 7.720644001585197884e+02 3.466223403826763416e+01 7.279544335222810858e+00 3.466223403826763416e+01 6.849340718192139548e+02
8.109175509166090023e+02 -2.354123569918661341e-01 6.020601890990795368e+01 -2.354123569918661341e-01 8.750171894528813255e+02 -3.240092463776100118e+01 6.020601890990795368e+01 -3.240092463776100118e+01 8.254537320899094084e+02
8.726668228594746779e+02 -1.713900848459102022e+01 -1.538758358453573649e+01 -1.713900848459102022e+01 8.810196401872751721e+02 -1.704779287107866281e+01 -1.538758358453573649e+01 -1.704779287107866281e+01 9.175635900945535468e+02
7.956864302204892283e+02 3.450503870556806874e+01 -7.912999838830447175e+01 3.450503870556806874e+01 8.046441572908943272e+02 6.363604973755800032e+00 -7.912999838830447175e+01 6.363604973755800032e+00 8.356010741348221700e+02
5.782363626037946460e+02 -7.405474415705211477e+00 -1.408721436682151218e+00 -7.405474415705211477e+00 5.956066392879795330e+02 2.744730671652546139e+00 -1.408721436682151218e+00 2.744730671652546139e+00 5.490905779159638769e+02
5.720255210754759219e+02 -3.101365951458274850e+01 -3.188030218885759215e+00 -3.101365951458274850e+01 6.445416468981934486e+02 4.748044150180921008e+01 -3.188030218885759215e+00 4.748044150180921008e+01 5.354040882259566843e+02
8.128433369039051968e+02 8.771563395546047914e+00 1.234834948103140384e+01 8.771563395546047914e+00 8.544994738362180442e+02 5.235380827712406315e+00 1.234834948103140384e+01 5.235380827712406315e+00 8.315975559811656694e+02
8.139412512611042985e+02 3.487168956928318408e+01 4.251197879006478786e+01 3.487168956928318408e+01 8.215524046261463127e+02 6.184565933714413433e+00 4.251197879006478786e+01 6.184565933714413433e+00 8.134403441388654983e+02
