1.051195082678679682e+03 3.116187614699268238e+01 8.121786818290239296e+01 3.116187614699268238e+01 1.138006283693671094e+03 -4.409686306597200911e+01 8.121786818290239296e+01 -4.409686306597200911e+01 1.143722055500998067e+03
7.843356610394041581e+02 -1.248925308433450176e+01 -1.399159335848620245e+01 -1.248925308433450176e+01 8.234680402156317314e+02 6.196776433972058129e+00 -1.399159335848620245e+01 6.196776433972058129e+00 8.357926178067990577e+02
1.080835505529307284e+03 2.763948347782388026e+01 7.992727183691165749e+01 2.763948347782388026e+01 1.146731137128209411e+03 -4.183645894189839964e+01 7.992727183691165749e+01 -4.183645894189839964e+01 1.143424540816841727e+03
7.671232832630265648e+02 2.794300296633516822e+01 -2.378970932965981611e+00 2.794300296633516822e+01 7.235861623371387168e+02 1.605304828678482920e+01 -2.378970932965981611e+00 1.605304828678482920e+01 7.596842475796561303e+02
7.456438290141041989e+02 1.596190579235540774e+01 1.610477372148538144e+00 1.596190579235540774e+01 7.507270229039962715e+02 2.388468183699942315e+01 1.610477372148538144e+00 2.388468183699942315e+01 7.765279522031960369e+02
7.613057827997715776e+02 2.917290629167365523e+01 -1.386177956501523978e+00 2.917290629167365523e+01 7.468183193028270352e+02 5.048311513169097431e+00 -1.386177956501523978e+00 5.048311513169097431e+00 7.659230720643150789e+02
1.693726602575316747e+03 -5.901327044714918202e+00 -3.832128222647615701e+01 -5.901327044714918202e+00 1.768907664514916178e+03 3.654553149448271654e+01 -3.832128222647615701e+01 3.654553149448271654e+01 1.744368483782586736e+03
1.684139136842129119e+03 -6.936508753256310555e+00 -2.540852080980424432e+01 -6.936508753256310555e+00 1.751189362549758926e+03 2.402907380328815989e+01 -2.540852080980424432e+01 2.402907380328815989e+01 1.729788709339505886e+03
7.410649658497815153e+02 3.185938111786048310e+01 -1.041096295298227364e-01 3.185938111786048310e+01 7.585211031825907639e+02 2.444588288280449717e+01 -1.041096295298227364e-01 2.444588288280449717e+01 7.592544676239965611e+02
7.512223721917946477e+02 1.864664698075858951e+01 -6.612644865853254394e-01 1.864664698075858951e+01 7.423295136520035840e+02 1.587367865181852444e+01 -6.612644865853254394e-01 1.587367865181852444e+01 7.558476632562310442e+02
7.617782579435404386e+02 1.331956359222758657e+01 1.033015300157630767e+00 1.331956359222758657e+01 7.569358140530951005e+02 2.788444423994872423e+01 1.033015300157630767e+00 2.788444423994872423e+01 7.686940964428507641e+02
1.695767954779612182e+03 3.740929256099246913e+01 -2.273492616030289781e+01 3.740929256099246913e+01 1.774299693216762989e+03 7.404688020801113169e+01 -2.273492616030289781e+01 7.404688020801113169e+01 1.717481027335006956e+03
7.680317505026620211e+02 1.385780457454782777e+01 5.535444556571702535e+00 1.385780457454782777e+01 7.616447525582361777e+02 1.961675509828735642e+01 5.535444556571702535e+00 1.961675509828735642e+01 7.413703045155921245e+02
7.968363000130480032e+02 -3.251441755122870259e+00 -1.315690058529160211e+01 -3.251441755122870259e+00 8.498568814135003322e+02 2.794548523543030960e+00 -1.315690058529160211e+01 2.794548523543030960e+00 8.657561050354786403e+02
1.047041390439774659e+03 2.800667509308868119e+01 7.094611140689080742e+01 2.800667509308868119e+01 1.156518632101073081e+03 -4.070091555432720298e+01 7.094611140689080742e+01 -4.070091555432720298e+01 1.138694361165763894e+03
1.681917375768082366e+03 -1.447471776495079077e+01 -3.712302233954834918e+01 -1.447471776495079077e+01 1.752924657746176990e+03 3.776398027263245893e+01 -3.712302233954834918e+01 3.776398027263245893e+01 1.742520233084946767e+03
8.148302562271488796e+02 -4.699725455241415162e+00 -3.295914059896141168e+01 -4.699725455241415162e+00 8.531420490995219552e+02 -4.389588371876154582e+00 -3.295914059896141168e+01 -4.389588371876154582e+00 8.410647790559614805e+02
7.556615545093526407e+02 3.740541822196857424e+01 -5.912311527704404490e+00 3.740541822196857424e+01 7.464829842690724035e+02 2.920905903664116465e+01 -5.912311527704404490e+00 2.920905903664116465e+01 7.574406980529222437e+02
7.499446536357143032e+02 2.910453341850016784e+01 -1.834075594199451986e+00 2.910453341850016784e+01 7.492256326592931828e+02 1.622478099956573772e+01 -1.834075594199451986e+00 1.622478099956573772e+01 7.555125202101635296e+02
1.065687666747726098e+03 2.554822775170435634e+01 7.270501507309450062e+01 2.554822775170435634e+01 1.134391440284063719e+03 -4.553571153514452163e+01 7.270501507309450062e+01 -4.553571153514452163e+01 1.165399057885347702e+03
8.122612219937312830e+02 -8.657699180892979740e+00 -2.419311510911245477e+01 -8.657699180892979740e+00 8.275788689848827744e+02 -1.487527887929982695e+00 -2.419311510911245477e+01 -1.487527887929982695e+00 8.392745901868712508e+02
7.938600846257229477e+02 -1.065203467791508096e+01 -2.587130189048153284e+01 -1.065203467791508096e+01 8.418625294196923505e+02 3.624847857788303873e+00 -2.587130189048153284e+01 3.624847857788303873e+00 8.403770934295919233e+02
8.019663425821775036e+02 -7.050374157017493815e+00 -6.909349526799188013e+00 -7.050374157017493815e+00 8.418964068812529149e+02 -1.171227980611234898e+01 -6.909349526799188013e+00 -1.171227980611234898e+01 8.362043626829581626e+02
1.716123265261523329e+03 2.253645020597380011e+01 -6.180251619356582893e+01 2.253645020597380011e+01 1.819880140429219864e+03 7.678072081025828766e+01 -6.180251619356582893e+01 7.678072081025828766e+01 1.775586918319698043e+03
1.049768532122798661e+03 2.535471599613746818e+01 6.946427189604132479e+01 2.535471599613746818e+01 1.141051132872089511e+03 -2.769376997304053134e+01 6.946427189604132479e+01 -2.769376997304053134e+01 1.139975467652779798e+03
1.087944882338325669e+03 1.943843222095696532e+01 8.081610454616925665e+01 1.943843222095696532e+01 1.150867956103551478e+03 -3.459732103688553906e+01 8.081610454616925665e+01 -3.459732103688553906e+01 1.135716653605403508e+03
7.929552717553867751e+02 -3.968987570201000459e+00 -2.346613425177361023e+01 -3.968987570201000459e+00 8.450856297761207543e+02 1.943659889234696125e+00 -2.346613425177361023e+01 1.943659889234696125e+00 8.373533198380929434e+02
1.712567675214521842e+03 1.956569105572236822e+01 -3.803983738920577906e+01 1.956569105572236822e+01 1.803436120777299720e+03 7.967935735115325713e+01 -3.803983738920577906e+01 7.967935735115325713e+01 1.724795421645995020e+03
1.066446095343190109e+03 1.993050489563239935e+01 7.703727688033454513e+01 1.993050489563239935e+01 1.149971789737572635e+03 -3.358609625639784468e+01 7.703727688033454513e+01 -3.358609625639784468e+01 1.131628454423039102e+03
1.689163854472422145e+03 -1.747352743739294567e+01 -3.780013656244996412e+01 -1.747352743739294567e+01 1.780762886630725916e+03 5.701539373675649358e+01 -3.780013656244996412e+01 5.701539373675649358e+01 1.743930254082777537e+03
7.779599898802666758e+02 1.874306295120855737e+01 1.545658509098180211e+01 1.874306295120855737e+01 7.433285495013501532e+02 1.491995017027977610e+01 1.545658509098180211e+01 1.491995017027977610e+01 7.760323395469047227e+02
1.044850844290962868e+03 1.771049033200187495e+01 8.355801886517102162e+01 1.771049033200187495e+01 1.159491285110529589e+03 -4.471296090121371947e+01 8.355801886517102162e+01 -4.471296090121371947e+01 1.131995126809191106e+03
1.707844526704334612e+03 3.176553070680860102e+01 -3.667188484000580928e+01 3.176553070680860102e+01 1.802895027020431598e+03 8.706852962386830086e+01 -3.667188484000580928e+01 8.706852962386830086e+01 1.714847863924122976e+03
1.064465335047315193e+03 2.729565474909482603e+01 7.234078812442044182e+01 2.729565474909482603e+01 1.144919549022576803e+03 -4.406741280852645559e+01 7.234078812442044182e+01 -4.406741280852645559e+01 1.139988616604519393e+03
8.158193274731426072e+02 -1.828455642644427925e+01 -2.193997531901093723e+01 -1.828455642644427925e+01 8.487813938306233013e+02 -1.555180293204619923e+00 -2.193997531901093723e+01 -1.555180293204619923e+00 8.405931749866468863e+02
8.103065220926644088e+02 -1.814433069030992129e+01 -1.622057764551249903e+01 -1.814433069030992129e+01 8.484668788383006586e+02 3.616271841639149276e+00 -1.622057764551249903e+01 3.616271841639149276e+00 8.339826378406057756e+02
