1.688711389463683687e+01 -1.837726213296454247e+01 -1.820601697891261495e+01 -1.837726213296454247e+01 2.831612985683130912e+00 -1.249130948103377925e+01 -1.820601697891261495e+01 -1.249130948103377925e+01 -5.108708327391396153e+01
-5.863763654286597671e+01 -2.050523744554162064e+01 1.915552620105404813e+01 -2.050523744554162064e+01 -4.960490115865230365e+01 9.825342233403858927e+00 1.915552620105404813e+01 9.825342233403858927e+00 2.849178985503666883e+00
-7.911851819442252065e+01 -4.425730325396236786e+00 8.637202567983381485e+00 -4.425730325396236786e+00 -5.455410618443282544e+01 1.812972574865936792e+01 8.637202567983381485e+00 1.812972574865936792e+01 3.921981039112205636e+00
-5.969950994858746895e+01 -6.429780648720232250e+00 -1.615272064987238565e+01 -6.429780648720232250e+00 -8.391348298508935954e+01 -8.099212836836285234e+00 -1.615272064987238565e+01 -8.099212836836285234e+00 -1.276206456962890314e+02
-4.228649569863412694e+01 1.714377899685446138e+01 -1.223411940332094439e+01 1.714377899685446138e+01 -3.857964593670879339e+01 -9.053024085484087990e+00 -1.223411940332094439e+01 -9.053024085484087990e+00 -8.830368174746905652e+01
-2.723510005634942743e+01 -2.743517182029315649e+01 1.697620163667749438e+01 -2.743517182029315649e+01 -2.618666603236497181e+01 -1.142492051862121549e+01 1.697620163667749438e+01 -1.142492051862121549e+01 -6.829637607363223140e+01
-5.263316438626615223e+01 -2.848182057039153747e+01 -2.062878207694705779e+01 -2.848182057039153747e+01 -1.039376654620537863e+02 6.720155804222486928e+00 -2.062878207694705779e+01 6.720155804222486928e+00 -1.036316857800958786e+02
-1.355528101028541244e+02 -5.884746269151347242e+00 -2.622961161130760743e+01 -5.884746269151347242e+00 -3.278809417873997489e+01 -1.519833388949636443e+01 -2.622961161130760743e+01 -1.519833388949636443e+01 -8.898583263062461413e+01
-3.077556780047116902e+01 -9.692857969284156994e+00 3.750899872651119793e+00 -9.692857969284156994e+00 -2.801555296614941426e+01 -2.009439180093340127e+01 3.750899872651119793e+00 -2.009439180093340127e+01 -7.017991727954461467e+00
-5.144286912523156019e+01 1.093024507638504872e+01 1.061776180707040851e+01 1.093024507638504872e+01 -8.619068017509617619e+01 -1.850583492703221111e+01 1.061776180707040851e+01 -1.850583492703221111e+01 -4.119491342439998505e+01
-2.317599673163540785e+01 -1.295475458611884179e+01 -2.454069122218524157e+01 -1.295475458611884179e+01 -3.942984812829978836e+01 4.097681938961826198e+00 -2.454069122218524157e+01 4.097681938961826198e+00 -6.161975351142502433e+01
-9.494107969365570909e+01 2.320222039124420377e+01 -1.848089455172610229e+01 2.320222039124420377e+01 -5.950670188972494401e+01 2.166236031669122042e+01 -1.848089455172610229e+01 2.166236031669122042e+01 -1.214683640382595087e+02
-5.920826679372576251e+01 -1.284962979224733637e+01 1.671044184445680258e+01 -1.284962979224733637e+01 -1.251292738787136472e+01 -7.140075427290870635e+00 1.671044184445680258e+01 -7.140075427290870635e+00 -1.523923675388912180e+01
-6.423014824287815827e+01 -4.061815665860299518e+00 2.242841836247127318e+01 -4.061815665860299518e+00 -4.677077839687535032e+01 4.284556453713234347e+00 2.242841836247127318e+01 4.284556453713234347e+00 -4.294556460901380035e+01
-6.572644478299525872e+01 -2.177592601833349306e+01 6.663728165210812904e+00 -2.177592601833349306e+01 -6.827149656439749492e+01 7.172402007123688250e-01 6.663728165210812904e+00 7.172402007123688250e-01 -4.272744264411528547e+01
-5.424292745350376066e+01 -5.932347374223614800e+00 -1.827162588657031606e+01 -5.932347374223614800e+00 -7.740055306085713482e+01 -7.578959622770616633e+00 -1.827162588657031606e+01 -7.578959622770616633e+00 -8.096598820515394834e+01
-6.569944090200537801e+01 -3.452910056029644181e+01 -3.368171824111740875e+01 -3.452910056029644181e+01 -4.389621657862757331e+01 -2.013187397301248893e+01 -3.368171824111740875e+01 -2.013187397301248893e+01 -1.181435305203658999e+02
-8.247450398004986027e+01 -4.887561322454727630e+00 -2.019064927118249031e+01 -4.887561322454727630e+00 -7.199451483224179071e+01 9.793797608516189968e+00 -2.019064927118249031e+01 9.793797608516189968e+00 -8.178377412444962147e+01
-5.883205886852807964e+01 1.983427604646205467e+01 6.681410102495336290e+00 1.983427604646205467e+01 1.699109189216196469e+01 2.534852091306303734e+01 6.681410102495336290e+00 2.534852091306303734e+01 -4.184008801402296740e+01
-4.313186428534778116e+01 7.940460166418707111e+00 -8.077286906705659700e-03 7.940460166418707111e+00 -1.247755791556100178e+02 -7.413648783513060891e+00 -8.077286906705659700e-03 -7.413648783513060891e+00 -8.778646488390229763e+01
-3.584743519390868727e+01 2.450380685531743907e+01 -1.019012720896510293e+00 2.450380685531743907e+01 -5.295152882749042078e+01 -3.754597878844096215e+01 -1.019012720896510293e+00 -3.754597878844096215e+01 -1.130654006607650217e+02
-8.818868503206107334e+01 -5.608646136811431759e+00 -2.903446020767625146e+00 -5.608646136811431759e+00 -7.790389678982511157e+01 4.236349803153201776e+01 -2.903446020767625146e+00 4.236349803153201776e+01 -3.787374718398132956e+01
-6.263959476601918652e+01 -2.034518636940979519e+01 4.989288891600863529e+00 -2.034518636940979519e+01 -5.259644784998839384e+01 -5.334821472871807302e+00 4.989288891600863529e+00 -5.334821472871807302e+00 -2.717389795074656433e+01
-6.891941415591081466e+01 -2.237448814139706599e+01 -3.331390309918809578e+01 -2.237448814139706599e+01 -1.133748255963354978e+02 2.447047482114053096e+00 -3.331390309918809578e+01 2.447047482114053096e+00 -5.347073299796011270e+01
1.864847417405533836e+00 -1.178487869437878288e+01 3.291720888823378743e+01 -1.178487869437878288e+01 -7.487584138342857898e+01 -1.293357528301928205e+01 3.291720888823378743e+01 -1.293357528301928205e+01 -8.529144908240721179e+01
-4.838685404054833583e+01 -1.872013808114295230e+01 7.492739685247781445e+00 -1.872013808114295230e+01 -1.033061287157407264e+02 -4.608851137894832029e+00 7.492739685247781445e+00 -4.608851137894832029e+00 -5.981710072270376344e+01
-5.443495543322131169e+01 -2.150915887674189264e+01 -1.939928823896209309e+01 -2.150915887674189264e+01 -6.148843378641939950e+01 3.528495473723407994e+00 -1.939928823896209309e+01 3.528495473723407994e+00 -5.494054419712758630e+01
-7.054159769278182068e+01 -1.870958773596274938e+01 -5.367020828439433444e+01 -1.870958773596274938e+01 -5.625259307138308884e+01 1.503306312252630406e+01 -5.367020828439433444e+01 1.503306312252630406e+01 -5.724534956352435700e+01
-2.890857348448354713e+01 -2.275727416515161750e+01 1.810701233625735185e+01 -2.275727416515161750e+01 1.588952368641116841e+01 -3.770415871080334114e+01 1.810701233625735185e+01 -3.770415871080334114e+01 -2.153319897543667594e+01
-8.946755506865304142e+01 -1.258587221766830311e+01 2.655295356125524808e+00 -1.258587221766830311e+01 -3.437436111451334142e+01 2.807452042240385026e+00 2.655295356125524808e+00 2.807452042240385026e+00 -6.578043532038317665e+01
-7.876028907489026665e+01 8.054591593617196343e-01 4.331725034100076144e+00 8.054591593617196343e-01 -8.925013216579249331e+01 2.203186496642998904e+01 4.331725034100076144e+00 2.203186496642998904e+01 -6.804458410744351227e+01
-5.609332144350641158e+01 -4.887051021917611138e+01 -1.278656509998979063e+00 -4.887051021917611138e+01 -1.030024195158775768e+02 2.226309893699918874e+01 -1.278656509998979063e+00 2.226309893699918874e+01 -4.674721258404405688e+01
1.788729863821491151e+01 -2.112604858216707182e+00 -3.944844274137520479e+00 -2.112604858216707182e+00 -5.587495431483624486e+01 3.347641186693479654e+00 -3.944844274137520479e+00 3.347641186693479654e+00 3.765782148768442283e+01
-7.761853885028720867e+01 -3.221354833701411025e+01 1.186540531169687185e+01 -3.221354833701411025e+01 -7.942097903294197181e+01 -1.390190423597746872e+01 1.186540531169687185e+01 -1.390190423597746872e+01 -8.923916667878125963e+01
-9.864579441320755038e+00 5.341971117579940653e+01 2.305199800017231127e+01 5.341971117579940653e+01 -5.047914453651878119e+01 2.268072576554019903e+01 2.305199800017231127e+01 2.268072576554019903e+01 -1.378283627740040096e+01
-1.538172219478775560e+02 -9.713177878051343583e+00 -9.112518013733691191e+00 -9.713177878051343583e+00 -8.533400953629519847e+01 -5.136206210710130726e+00 -9.112518013733691191e+00 -5.136206210710130726e+00 -1.380536193009394452e+01
-5.726974906800356813e+00 -6.660502046747073912e+00 -2.223385829562893878e+00 -6.660502046747073912e+00 -4.940532757718195001e+01 -1.321491024109241330e+01 -2.223385829562893878e+00 -1.321491024109241330e+01 -1.934084538158881372e+01
-9.803662600376593161e+01 -2.710470581027592729e+01 1.081368749583027267e+01 -2.710470581027592729e+01 -6.196765669615153627e+01 1.577101325094120021e+01 1.081368749583027267e+01 1.577101325094120021e+01 -7.691772394092723175e+01
-5.108454025007812760e+01 1.045324728450388818e+01 1.445501260291175605e+01 1.045324728450388818e+01 -1.351142807587876860e+02 -2.864164696351843986e+01 1.445501260291175605e+01 -2.864164696351843986e+01 -9.707468862015988975e+01
-7.820233293387741469e+01 3.139592241165551911e+00 2.499770303176650543e+01 3.139592241165551911e+00 -1.272173829326381878e+01 2.738559195051644224e+01 2.499770303176650543e+01 2.738559195051644224e+01 -8.647811000435267204e+01
-2.953726333193622366e+01 -9.299693624407417758e+00 -1.186259533485571893e+01 -9.299693624407417758e+00 -2.876111763712512470e+01 -5.117206101800123363e+00 -1.186259533485571893e+01 -5.117206101800123363e+00 -4.322778247630851212e+01
-8.962711872195281160e+01 1.293699883297132303e+01 2.559735434422691824e+01 1.293699883297132303e+01 -7.388303139145783405e+01 -6.870542448618685683e+00 2.559735434422691824e+01 -6.870542448618685683e+00 -1.212102795002843294e+02
-4.131458050263363191e+01 1.499002681501178458e+01 2.163515113480752206e+01 1.499002681501178458e+01 1.711079555590212964e+00 -3.835658081149202303e+01 2.163515113480752206e+01 -3.835658081149202303e+01 -8.874980478199154277e+01
-6.289923598180257613e+01 2.229446913855890777e+00 8.180204631033051177e-01 2.229446913855890777e+00 -2.759655137735997243e+01 -6.445143600031169484e+00 8.180204631033051177e-01 -6.445143600031169484e+00 -1.146005924778474565e+02
-5.293347965464809590e+01 -2.222428543551355773e+01 -9.266538030908664680e+00 -2.222428543551355773e+01 -3.481221883305229881e+01 -9.887623549292129610e+00 -9.266538030908664680e+00 -9.887623549292129610e+00 -1.019691162251945684e+02
-5.425079224442858106e+01 6.627950722358533220e+00 -3.732813152204121110e+01 6.627950722358533220e+00 -6.958932568330436652e+01 -9.920360212609477202e+00 -3.732813152204121110e+01 -9.920360212609477202e+00 -2.076629084438795303e+01
-1.511446695889386937e+01 -3.743444552768449007e+00 -2.522678424979406486e+01 -3.743444552768449007e+00 -9.905490167477861974e+01 9.292869028502590112e+00 -2.522678424979406486e+01 9.292869028502590112e+00 -3.718836540215101394e+01
-1.631777747317343952e+01 1.857158149341141140e+01 5.692686654803118529e+00 1.857158149341141140e+01 -9.394280762500812898e+01 -1.740309933884325488e+01 5.692686654803118529e+00 -1.740309933884325488e+01 -1.086627521668316803e+02
-4.772185254301710700e+01 1.563946478001982499e+00 -4.357091302043320269e+01 1.563946478001982499e+00 -5.429557760793235843e+01 -1.531011353802960784e+01 -4.357091302043320269e+01 -1.531011353802960784e+01 -3.322336432037641885e+01
-6.484620249059246078e+01 -3.069177594107759788e+01 -1.001742627861673540e+01 -3.069177594107759788e+01 -6.336247370906149712e+01 -1.823677133247097126e+00 -1.001742627861673540e+01 -1.823677133247097126e+00 -4.408699411068499074e+01
-7.418618580052381617e+01 -4.941799527082914700e+00 -1.584853300656595643e+01 -4.941799527082914700e+00 -8.092930184593132026e+01 -6.279891290400428261e+00 -1.584853300656595643e+01 -6.279891290400428261e+00 -6.916674308649621139e+01
2.598849380249961172e+01 2.626242553439656646e+01 8.237672866796650339e+00 2.626242553439656646e+01 -2.410404804327390238e+01 -1.198419126375844002e+01 8.237672866796650339e+00 -1.198419126375844002e+01 -1.854071959606838860e+01
-1.136817697485822976e+02 -2.473417215070529807e+01 -1.627219304373553754e+01 -2.473417215070529807e+01 -3.648544440205487405e+01 -7.276450033122438654e+00 -1.627219304373553754e+01 -7.276450033122438654e+00 -7.357155717800472416e+01
-2.050712966463125753e+01 -8.798380638347128024e-02 -1.218079164262883651e+01 -8.798380638347128024e-02 -4.503673205897556642e+01 7.351721510721544561e+00 -1.218079164262883651e+01 7.351721510721544561e+00 -3.615386950741609695e+01
-4.097653887818231766e+01 2.111194209466154703e+01 -8.225267576905054057e+00 2.111194209466154703e+01 -3.932072072890634473e+01 -1.363360053217342305e+01 -8.225267576905054057e+00 -1.363360053217342305e+01 -6.290826200457146200e+01
-6.299232244509376955e+01 -5.121763245954372046e+00 -2.144000010473314433e+01 -5.121763245954372046e+00 -6.769179403240295301e+01 -1.727109320758262712e+01 -2.144000010473314433e+01 -1.727109320758262712e+01 -6.492600794043227097e+01
-8.026168175542174765e+01 -6.876093474674960682e+00 1.186676722812225293e+01 -6.876093474674960682e+00 -1.072539594431593883e+02 1.735680244216359469e+01 1.186676722812225293e+01 1.735680244216359469e+01 -6.943871310323667956e+01
-1.831262443254199468e+01 3.885691255113896858e+01 2.109832486415610475e+01 3.885691255113896858e+01 -5.662845581571939846e+01 -1.502757911035193672e+01 2.109832486415610475e+01 -1.502757911035193672e+01 1.878618203676489884e+01
-3.633241749384977481e+01 3.511478344545913899e+01 1.319655140534301196e+01 3.511478344545913899e+01 -1.063052744019451552e+02 -1.423037656570111942e+00 1.319655140534301196e+01 -1.423037656570111942e+00 -3.157206854897994930e+01
-7.745699876885696256e+01 7.934751187537123496e-01 3.191694188465429960e+00 7.934751187537123496e-01 -7.050295991682776275e+01 -1.798514900913129111e+01 3.191694188465429960e+00 -1.798514900913129111e+01 -8.239711326740047070e+01
-5.757547978252596721e+01 -6.119544053092202063e+00 -3.026757864000578024e+01 -6.119544053092202063e+00 -1.706830311310824300e+02 -9.124940583298844388e+00 -3.026757864000578024e+01 -9.124940583298844388e+00 -1.006050132314942829e+02
-9.315898876132281714e+01 -2.159450796858808630e+01 9.116354972325119377e+00 -2.159450796858808630e+01 -5.873541954761512329e+01 2.973556753975288847e-01 9.116354972325119377e+00 2.973556753975288847e-01 -3.498107149458853371e+01
-6.075923069980963476e+01 3.291555078337866291e+01 -3.778675654500191428e+01 3.291555078337866291e+01 -7.785141008823002551e+01 1.412333535844626908e+01 -3.778675654500191428e+01 1.412333535844626908e+01 -5.638218438030661872e+01
-7.170288510082247058e+01 3.118693079676017277e+00 -6.384254785111372676e+00 3.118693079676017277e+00 -7.078476503189298796e+01 2.695111683846302242e+01 -6.384254785111372676e+00 2.695111683846302242e+01 -5.044401459291712797e+01
-1.112657237053277157e+02 1.563380957753290090e+01 -7.989574240086175116e+00 1.563380957753290090e+01 -9.666642851298288974e+01 1.054820321261339622e+01 -7.989574240086175116e+00 1.054820321261339622e+01 -1.087152769010763080e+02
-8.733519194904361882e+01 -1.429661233704265477e+01 -2.060390459914342642e+01 -1.429661233704265477e+01 -1.068076659522158707e+02 2.765151750253054175e+01 -2.060390459914342642e+01 2.765151750253054175e+01 -7.097826252965685967e+01
-6.586443537452871055e+01 -2.764726956862654816e+01 -1.689518394075424723e+01 -2.764726956862654816e+01 -5.550252778850204294e+01 -2.359256958140354854e+01 -1.689518394075424723e+01 -2.359256958140354854e+01 -3.996447174446951323e+01
-6.756592914408174977e+01 -2.449448741481011282e+01 -4.873871195881013563e+01 -2.449448741481011282e+01 -8.886081519709347276e+01 -5.732984974087817598e+00 -4.873871195881013563e+01 -5.732984974087817598e+00 -9.949461177879859974e+01
-5.572849736303587065e+01 1.702644936765011607e+01 1.677831168475374213e+01 1.702644936765011607e+01 -1.314794466068064480e+02 5.804256416075750380e+00 1.677831168475374213e+01 5.804256416075750380e+00 -1.161838123678378452e+02
-7.812943164064097346e+01 3.770393133377788075e+01 -1.284998614337179390e+01 3.770393133377788075e+01 -5.666023238496194381e+01 1.082433858450298025e+01 -1.284998614337179390e+01 1.082433858450298025e+01 -9.139655537955323439e+01
-9.559777061473178605e+01 1.452727804162698710e+01 -1.109710069382161102e+01 1.452727804162698710e+01 -5.580232735233318664e+01 -3.933972941510889143e+01 -1.109710069382161102e+01 -3.933972941510889143e+01 -5.408514205086216720e+01
-8.126529873360651379e+01 9.367538645596042102e+00 2.061414649731155180e+01 9.367538645596042102e+00 -5.913469087837970761e+01 2.576999338596740330e+01 2.061414649731155180e+01 2.576999338596740330e+01 -1.772218653240271991e+01
-4.416546022850852182e+01 1.530982524774283782e+01 1.930718106839172066e+01 1.530982524774283782e+01 -9.545336347638229313e+01 1.336908323767813833e+01 1.930718106839172066e+01 1.336908323767813833e+01 -1.456147021852072232e+00
-1.015588252705105958e+02 1.666656442735088062e+00 -2.091518466335081872e+00 1.666656442735088062e+00 -1.780525345766187328e+01 -8.203177510915613979e+00 -2.091518466335081872e+00 -8.203177510915613979e+00 -6.532645365786130753e+01
-4.995833476141402230e+01 -1.051197355402094402e+01 -3.265269371850461511e+01 -1.051197355402094402e+01 -1.110739996955523452e+02 1.708983028768868095e+01 -3.265269371850461511e+01 1.708983028768868095e+01 -4.134919798713673345e+01
-1.051057607064437605e+02 -1.996319831981864823e+01 5.249194734522427019e+00 -1.996319831981864823e+01 -6.593844611300258407e+01 5.898885206215548571e+00 5.249194734522427019e+00 5.898885206215548571e+00 -6.034844057131996209e+01
-8.955581068032989833e+01 -1.948785459458393632e+01 -2.140097297804245002e+01 -1.948785459458393632e+01 -7.713887268390109853e+01 -9.740554546271541270e+00 -2.140097297804245002e+01 -9.740554546271541270e+00 -6.654208787758841481e+01
-7.090191378349865658e+01 2.733513919811623172e+00 3.430551956346768350e+01 2.733513919811623172e+00 -4.099563442509219868e+01 3.611648064072491593e+01 3.430551956346768350e+01 3.611648064072491593e+01 -3.795371841610199937e+01
-3.057624880055442063e+01 -1.845242913318613631e+01 -1.301344843947397756e+01 -1.845242913318613631e+01 -1.235418871498447970e+02 -1.134154199721762346e+01 -1.301344843947397756e+01 -1.134154199721762346e+01 -4.435860509014781883e+01
-6.865244060014894956e+01 -7.952356436447118426e+00 -3.509536577115353939e+00 -7.952356436447118426e+00 -6.066273841376942499e+01 -1.239867409078635241e+01 -3.509536577115353939e+00 -1.239867409078635241e+01 -3.714709301055932400e+01
-7.995472198326609714e+01 8.979659339356349079e+00 1.860956207594280087e+01 8.979659339356349079e+00 -5.140805402718059014e+01 -4.068970554826172759e+00 1.860956207594280087e+01 -4.068970554826172759e+00 -6.648638971510146689e+01
-8.131570293376751124e+01 9.284402720880970961e+00 -8.434934725644435360e+00 9.284402720880970961e+00 -7.122061117207684333e+01 3.012592866886643250e+01 -8.434934725644435360e+00 3.012592866886643250e+01 -3.029238218617349432e+01
-7.561120638299895802e+01 -2.085510025886748497e+00 1.030908637799179672e+01 -2.085510025886748497e+00 -3.703516294352410654e+01 1.484052533026613752e+01 1.030908637799179672e+01 1.484052533026613752e+01 -9.448541559985693539e+01
-1.134236474035503761e+02 -5.425296217414254052e+00 -1.967091739590249944e+01 -5.425296217414254052e+00 -1.338162029493789476e+02 -7.173854236153643704e+00 -1.967091739590249944e+01 -7.173854236153643704e+00 -2.892309158408010106e+01
-9.923175225381747566e+01 -6.849137902806821998e+00 -2.508788767925030783e+01 -6.849137902806821998e+00 -8.706485974272365524e+01 -6.273085379692326313e+01 -2.508788767925030783e+01 -6.273085379692326313e+01 -6.880276196969857949e+01
-2.542606050249003147e+01 4.443081423110329098e+01 -3.725461188232934973e+01 4.443081423110329098e+01 -7.457477781371936487e+01 -9.528106037523116356e+00 -3.725461188232934973e+01 -9.528106037523116356e+00 -4.221463826481600989e+01
-7.504391132005133613e+01 1.767436317387686362e+00 -1.350492792301033873e+01 1.767436317387686362e+00 -7.365409431004299279e+01 -1.068379922446499819e+01 -1.350492792301033873e+01 -1.068379922446499819e+01 -1.572099852723449764e+01
-7.299100326494323099e+01 7.080037533560417984e+00 -3.615369207133413454e+01 7.080037533560417984e+00 -8.085792712120195347e+01 -2.025579686036570237e+01 -3.615369207133413454e+01 -2.025579686036570237e+01 -8.105953276486258119e+01
-4.568381797466462757e+01 2.138998577362993103e+01 -1.357623064576492133e+01 2.138998577362993103e+01 -6.083062142247903381e+01 1.210564955753079452e+01 -1.357623064576492133e+01 1.210564955753079452e+01 -5.863247184610054319e+01
-5.471300912707300057e+01 1.231544530797811809e+01 3.952875417905469480e+00 1.231544530797811809e+01 -5.959178207506210612e+01 5.549494459324214590e-01 3.952875417905469480e+00 5.549494459324214590e-01 -5.829075500245716768e+01
-4.832581986681020680e+01 1.650089708459736926e+01 1.483144688529286936e+00 1.650089708459736926e+01 -7.348174091848777323e+01 2.786572760522358294e+01 1.483144688529286936e+00 2.786572760522358294e+01 -3.700141027363473256e+01
-3.120457189281573562e+01 3.157997070786375815e+00 2.146406030579266755e+01 3.157997070786375815e+00 -6.095425317302400892e+00 2.156839822524326777e+01 2.146406030579266755e+01 2.156839822524326777e+01 -3.013721439628562138e+01
-9.604777991545689986e+01 2.122299303187000774e+01 7.480500413950904814e+00 2.122299303187000774e+01 -9.263941249043062953e+01 -2.540214239563961129e+01 7.480500413950904814e+00 -2.540214239563961129e+01 -7.645458216457763001e+01
-8.615970945284527716e+01 -1.523286849592959902e+00 1.586252269065755804e+01 -1.523286849592959902e+00 -4.455543287634765903e+01 -2.070212752874303774e+01 1.586252269065755804e+01 -2.070212752874303774e+01 -1.110540778958560963e+02
-5.231150176721801159e+01 1.737076879385718797e+01 -1.194861025727803927e+01 1.737076879385718797e+01 -2.575645335091212740e+00 3.269489408871135794e+01 -1.194861025727803927e+01 3.269489408871135794e+01 -5.246636178205586987e+01
-6.763709151486230553e+01 -3.856546837116224680e+01 3.046462984618841219e+01 -3.856546837116224680e+01 -1.563474837311902945e+02 1.022718539549404149e+01 3.046462984618841219e+01 1.022718539549404149e+01 -1.272410266307395688e+02
-8.457800545088974786e+01 1.287876741166178718e+01 4.424568980124006146e+01 1.287876741166178718e+01 -6.589379930986947898e+01 -1.299654187644151193e+01 4.424568980124006146e+01 -1.299654187644151193e+01 -7.136894791260095872e+01
-1.235153396667399051e+02 5.092235994077682015e+00 -2.832395884651575102e+01 5.092235994077682015e+00 -7.860474044176361019e+01 -2.565856815917562272e+01 -2.832395884651575102e+01 -2.565856815917562272e+01 -1.256365239135288761e+02
-1.112639621331534130e+02 7.503406005150901059e+00 -1.821886876748764550e+01 7.503406005150901059e+00 -1.332568226912464127e+02 3.628847509633302337e+01 -1.821886876748764550e+01 3.628847509633302337e+01 -7.347923225246286449e+01
-2.544845776705528451e+01 -3.728351170121611347e+01 4.006600033045426557e+01 -3.728351170121611347e+01 -8.020048457010135223e+01 7.084885968100511633e+00 4.006600033045426557e+01 7.084885968100511633e+00 -1.514399318443332731e+02
-8.623059565307165997e+01 -2.990056020224798061e+01 6.475828905949632031e+01 -2.990056020224798061e+01 -6.750521723260217755e+01 1.519132517913988600e+01 6.475828905949632031e+01 1.519132517913988600e+01 -8.414068261483036792e+01
-1.273983543466730239e+01 -2.435585766615927028e+01 -2.748914267646488341e+01 -2.435585766615927028e+01 -8.493491142458132970e+01 -3.798737837824523567e+00 -2.748914267646488341e+01 -3.798737837824523567e+00 -7.044592820704583858e+01
-9.747800643999720194e+01 3.599244902616176489e+01 -5.977403058914009470e+00 3.599244902616176489e+01 -7.957105371950889605e+01 -1.195501107280180797e+01 -5.977403058914009470e+00 -1.195501107280180797e+01 -1.226046772324879441e+02
-7.417119331567211304e+01 3.557915613939130139e+01 -3.519532188492255642e+01 3.557915613939130139e+01 -5.794808456574584454e+01 1.575143644123585673e+01 -3.519532188492255642e+01 1.575143644123585673e+01 -8.434769532729659147e+01
-3.168325209082418681e+01 -2.090832943510886111e+00 2.860878893766618347e+01 -2.090832943510886111e+00 -6.088408048695919206e+01 4.044900354067880732e-01 2.860878893766618347e+01 4.044900354067880732e-01 -3.052592388758128195e+01
7.641585855070222699e+00 -2.548918427491310013e+01 -2.660346442602618655e+00 -2.548918427491310013e+01 -6.170355299786119474e+01 -1.052113772503961009e+01 -2.660346442602618655e+00 -1.052113772503961009e+01 -7.515338906748239367e+01
-9.072343783476458157e+01 -1.327527970274725133e+00 -4.655449602603045633e+00 -1.327527970274725133e+00 -9.078504973283641277e+01 1.557690906989074264e+01 -4.655449602603045633e+00 1.557690906989074264e+01 -9.325618928047980205e+01
-4.091447630048078565e+01 1.825217242996231803e+01 2.333796888488780041e+01 1.825217242996231803e+01 -7.512439293247230410e+01 9.234197077541928422e+00 2.333796888488780041e+01 9.234197077541928422e+00 -3.553098289765014073e+01
-7.918887111173131643e+01 2.894566578594563566e+00 3.279696670744651210e-01 2.894566578594563566e+00 -3.524790248989915398e+01 8.262620337254931613e+00 3.279696670744651210e-01 8.262620337254931613e+00 -4.980472395810609498e+01
-2.815937210890230702e+01 4.047252468693844918e+00 6.369443782273480181e+00 4.047252468693844918e+00 -1.416919809533090557e+01 -2.486233608792783301e+01 6.369443782273480181e+00 -2.486233608792783301e+01 -2.706480623004427954e+01
-4.232540568815339554e+01 1.049073650669567748e+01 -8.826982182772057373e-01 1.049073650669567748e+01 -5.825044245364129125e+01 1.516608725185003514e+01 -8.826982182772057373e-01 1.516608725185003514e+01 -2.645169455415996396e+01
-3.420337281812779651e+01 1.631648969337715016e+01 1.517382420076250238e+00 1.631648969337715016e+01 -2.623792067922554239e+01 -1.025894238308927342e+01 1.517382420076250238e+00 -1.025894238308927342e+01 -6.047891932313828534e+01
-7.670033436790296832e+01 3.218323155207153974e+01 -7.505744046572063510e+00 3.218323155207153974e+01 -4.958385999921579668e+01 2.192835515596134854e+01 -7.505744046572063510e+00 2.192835515596134854e+01 -8.539839636264481726e+01
-1.895463060148539682e+02 1.999064052699895511e+00 8.692277870231759351e+00 1.999064052699895511e+00 -4.528451002974797746e+01 5.125375904857527587e+01 8.692277870231759351e+00 5.125375904857527587e+01 -1.100749532445215237e+02
-8.501146924082954470e+00 8.466418896558217000e+00 4.085118702704095739e+01 8.466418896558217000e+00 -7.757333213690540674e+01 -2.045423093727423591e+00 4.085118702704095739e+01 -2.045423093727423591e+00 -5.107878991962802218e+01
-6.520373416886464213e+01 -2.298702327256787470e+01 -1.063350577789781326e+01 -2.298702327256787470e+01 -1.015353727312288470e+02 -2.122595148343343396e+00 -1.063350577789781326e+01 -2.122595148343343396e+00 -3.850764598355449664e+01
-5.054735522642464218e+01 -1.731007089398364229e+01 1.941608601768951559e+01 -1.731007089398364229e+01 -4.261231526738410480e+01 9.985538028283074130e-01 1.941608601768951559e+01 9.985538028283074130e-01 -3.396438482662777858e+01
-8.763584615090495333e+01 1.175698491558676295e+01 9.156088795988717166e+00 1.175698491558676295e+01 -8.454343454332732222e+01 2.367824623059072664e+01 9.156088795988717166e+00 2.367824623059072664e+01 -8.530667982494728108e+01
-4.603014733977079231e+01 6.184958707686434742e+00 4.356753762969835009e+01 6.184958707686434742e+00 -1.353318663069219063e+01 1.784345990613934063e+01 4.356753762969835009e+01 1.784345990613934063e+01 -5.286648217942759942e+01
-1.092479949437554865e+02 -7.728211567596195763e+00 5.437494063197511451e+01 -7.728211567596195763e+00 -4.470461369544310770e+01 -1.008891238635599308e+01 5.437494063197511451e+01 -1.008891238635599308e+01 -1.324935702141228262e+02
-4.393142077496570153e+01 -1.186883175542938851e+01 -3.012801642290508752e+01 -1.186883175542938851e+01 -3.650766758085631380e+01 -2.788088570708029934e+01 -3.012801642290508752e+01 -2.788088570708029934e+01 -4.368948496006604643e+01
7.106764093373953095e+00 -1.189127208046635609e+01 1.865885495973296893e+00 -1.189127208046635609e+01 -6.488502692632704338e+01 -1.112941819324916182e+01 1.865885495973296893e+00 -1.112941819324916182e+01 -8.104160544856311787e+01
-2.884137911115447395e+01 -8.852535772631322075e+00 -4.386542460586636771e+00 -8.852535772631322075e+00 -4.243448991000607151e+01 1.576311088757564249e+01 -4.386542460586636771e+00 1.576311088757564249e+01 -3.409420659795590325e+01
-9.714409202162214285e+01 -1.976805204757290468e+01 -2.297488625034961274e+01 -1.976805204757290468e+01 -9.000450088568055662e+01 5.389268276692511073e+00 -2.297488625034961274e+01 5.389268276692511073e+00 -7.182675662438484210e+01
-1.464203405398716029e+02 -4.183910145989773355e+01 -2.468651363182885561e+01 -4.183910145989773355e+01 -7.512043878828335153e+01 -6.222900461139335704e+00 -2.468651363182885561e+01 -6.222900461139335704e+00 -1.158830069043503812e+02
-5.727427821854418966e+01 -5.187719337995010171e+00 -3.954506639049001127e+00 -5.187719337995010171e+00 -1.083467059936971992e+02 1.445205764671354842e+01 -3.954506639049001127e+00 1.445205764671354842e+01 -3.618215371359134025e+01
-9.477623593461282780e+01 -1.373414006119105757e+01 3.919189393455343229e+00 -1.373414006119105757e+01 -8.997084274654231706e+01 2.775351171598055799e+01 3.919189393455343229e+00 2.775351171598055799e+01 -1.000485489952826299e+02
-8.261614824000659496e+01 -2.708732782058281785e+01 1.556854833096119606e+01 -2.708732782058281785e+01 -7.439776981137713108e+01 7.655482727163236412e-01 1.556854833096119606e+01 7.655482727163236412e-01 -6.983064459649402522e+01
-5.652922260372968566e+01 1.213357903796478254e+01 2.865935132130659824e+01 1.213357903796478254e+01 -7.131002460970140078e+01 5.849452972576948184e+00 2.865935132130659824e+01 5.849452972576948184e+00 -4.774562382943354066e+01
-9.557601616505911579e+01 -3.806752014776144932e+01 -7.304406932612441672e+00 -3.806752014776144932e+01 -6.720015455770924007e+01 -3.129663300473914944e+01 -7.304406932612441672e+00 -3.129663300473914944e+01 -8.129148775851901121e+01
-4.950196288557908986e+01 -8.561002205360260575e+00 1.466327414123497874e+01 -8.561002205360260575e+00 -5.029939058321907908e+01 7.926527248164814132e+00 1.466327414123497874e+01 7.926527248164814132e+00 -9.727045757563608674e+01
-1.238328603315622587e+02 1.043002743765024753e+01 -2.030484843167849007e+01 1.043002743765024753e+01 -9.510351719959065520e+01 -1.257851116313138462e+01 -2.030484843167849007e+01 -1.257851116313138462e+01 -5.812440523589086183e+01
-3.722986199597191614e+01 3.372095387810765743e+01 7.966557343780690026e+00 3.372095387810765743e+01 -1.192287134163255757e+02 -7.903112813231413014e+00 7.966557343780690026e+00 -7.903112813231413014e+00 -1.652672332167294300e+01
-8.851340747531402542e+00 2.007295029830534716e+01 -4.319426735697380337e+01 2.007295029830534716e+01 -7.611529043304477682e+01 -1.601304310972638234e+01 -4.319426735697380337e+01 -1.601304310972638234e+01 -8.435613446357356793e+01
-4.988542003145952464e+01 1.363267497794091287e+00 3.794820663393843319e+01 1.363267497794091287e+00 -7.598886951410892721e+01 1.519248785276539415e+01 3.794820663393843319e+01 1.519248785276539415e+01 -7.166593667816424329e+01
-1.653232726898771077e+01 -7.695640967363252649e+00 -1.211837709076880643e+01 -7.695640967363252649e+00 -1.186381879592804189e+01 -5.138571188972525050e+01 -1.211837709076880643e+01 -5.138571188972525050e+01 -7.971292504858929817e+01
-1.959786660460562047e+01 -3.034918800992150167e-01 -1.760828436935898367e+01 -3.034918800992150167e-01 -3.601705911233449342e+01 3.348204733678663114e+00 -1.760828436935898367e+01 3.348204733678663114e+00 -4.939466028879117232e+01
-2.158452336830567830e+01 -1.713628731044501308e+00 9.483948467663509518e+00 -1.713628731044501308e+00 -7.049488245810967157e+01 2.430086178843079381e+01 9.483948467663509518e+00 2.430086178843079381e+01 -5.904791657492275192e+01
-6.846856898647244805e+01 2.445652627916546962e+01 -3.057206642185368040e+01 2.445652627916546962e+01 -5.016248266745841278e+01 1.051132624434688800e+01 -3.057206642185368040e+01 1.051132624434688800e+01 -9.302045873191910630e+01
-6.643407904709226841e+01 6.078210534835628565e+00 -6.221893399791984081e+00 6.078210534835628565e+00 -7.156940184633972990e+01 -2.515595248899772329e+01 -6.221893399791984081e+00 -2.515595248899772329e+01 -7.320671166362505744e+01
-3.034259393167496199e+01 5.069272931254166004e+00 1.796412695861521058e+01 5.069272931254166004e+00 -4.203803589256591522e+01 2.389585402689473170e+01 1.796412695861521058e+01 2.389585402689473170e+01 -3.118248575668225442e+01
-6.166040385387034917e+01 3.565626304484447218e+01 -1.356239453279215645e+01 3.565626304484447218e+01 -5.723553669269173128e+01 9.193280001117736688e+00 -1.356239453279215645e+01 9.193280001117736688e+00 -3.914199921662359571e+01
-8.607758192597297864e+01 -5.086171008868149102e+00 -8.966115132195584536e+00 -5.086171008868149102e+00 -9.272069249068171359e+01 -3.834519480017496562e+01 -8.966115132195584536e+00 -3.834519480017496562e+01 -1.634616223423644499e+02
-8.284914677898794366e+01 2.605379065952941886e+01 -7.451831793388215885e+00 2.605379065952941886e+01 -6.728259049133070846e+01 3.771577397936537324e+01 -7.451831793388215885e+00 3.771577397936537324e+01 -7.603914602061590244e+01
-7.542534596569677774e+01 3.235236421590713007e+00 -2.181939572491273083e+01 3.235236421590713007e+00 -1.043057847544532848e+02 2.811099631053840042e+01 -2.181939572491273083e+01 2.811099631053840042e+01 -4.822704043916419181e+01
-7.294299282058371148e+01 -2.295579836497879889e+00 2.661906618365878430e+01 -2.295579836497879889e+00 -1.114236422295011408e+02 -2.273809008620160199e+01 2.661906618365878430e+01 -2.273809008620160199e+01 -1.036602971591962508e+01
-2.987392489151733344e+01 -5.154401566714082783e+00 1.265463295707604274e+01 -5.154401566714082783e+00 -2.496028917584938966e+01 9.661808876343371821e+00 1.265463295707604274e+01 9.661808876343371821e+00 8.271379513628183133e+00
-2.752677148155105158e+01 -1.837604649776280041e+01 3.404205087810551422e+00 -1.837604649776280041e+01 -8.464560991425703662e+01 3.443675893753943118e+00 3.404205087810551422e+00 3.443675893753943118e+00 5.003410716042333561e-01
-9.855281196288193257e+01 -1.224056287234162710e+01 8.818560767457329419e+00 -1.224056287234162710e+01 -1.053090302032880317e+02 -2.082888695199156004e+01 8.818560767457329419e+00 -2.082888695199156004e+01 -8.016103554128000042e+01
-7.427371222312396526e+01 7.233700467556213987e+00 4.440985271035571280e+00 7.233700467556213987e+00 -3.248947512886521594e+01 2.091953561386328886e+01 4.440985271035571280e+00 2.091953561386328886e+01 -3.905462077353633532e+01
-6.046767400320238295e+01 1.910588355168387054e+01 3.906758360422308840e+01 1.910588355168387054e+01 -8.956489928786361077e+01 6.072768095443313641e+00 3.906758360422308840e+01 6.072768095443313641e+00 -9.676076157514060583e+01
-6.274837417141247187e+01 3.556497363991224603e+01 3.811408958304500061e+01 3.556497363991224603e+01 -1.092858207479072519e+02 -3.439178629557210431e+00 3.811408958304500061e+01 -3.439178629557210431e+00 -9.430071645402780689e+01
-4.317431921617706081e+01 -3.404912822962918284e+01 1.820992835038804492e+00 -3.404912822962918284e+01 -2.356568802518528827e+01 1.067573463039702730e+01 1.820992835038804492e+00 1.067573463039702730e+01 -3.940088392843320975e+01
-6.999087661498251123e+01 -2.069942645292871575e+01 1.228733712220145335e+01 -2.069942645292871575e+01 -8.007810887033140546e+01 -2.705347437765205498e+01 1.228733712220145335e+01 -2.705347437765205498e+01 -8.971324048858886613e+01
-9.298021137398531266e+01 -1.156491088677931600e+01 1.108841187646394921e+01 -1.156491088677931600e+01 7.991490223739464938e+00 2.276789793959802743e+00 1.108841187646394921e+01 2.276789793959802743e+00 -1.069351019575085537e+01
-3.480386652560741112e+01 -1.726940759534670278e+01 -2.592592941381031135e+00 -1.726940759534670278e+01 -5.588136769097498302e+01 -2.127655175846326685e+01 -2.592592941381031135e+00 -2.127655175846326685e+01 -6.449272781204302696e+00
-5.620630046636211574e+01 1.270134706934616986e+01 1.434574164583862377e+01 1.270134706934616986e+01 -1.315691299630142623e+02 1.537867066585502052e+01 1.434574164583862377e+01 1.537867066585502052e+01 -1.097328299442960571e+02
-3.404754031908188949e+01 1.825878105195282686e+01 -4.526203523137716900e+00 1.825878105195282686e+01 -1.211109774003305546e+02 -2.363905155714432027e+01 -4.526203523137716900e+00 -2.363905155714432027e+01 -1.155814312045962566e+02
-8.809614259635452527e+01 -2.188724572482358610e+01 2.609803403790773579e-01 -2.188724572482358610e+01 -2.218688759643429975e+01 -1.131983589328080697e+01 2.609803403790773579e-01 -1.131983589328080697e+01 -8.924538958736472694e+01
-3.145644743737108229e+01 -2.838987064827952267e+01 9.199477528502255197e+00 -2.838987064827952267e+01 -7.319634589722750206e+01 -5.013730193837846016e+00 9.199477528502255197e+00 -5.013730193837846016e+00 -7.644051071377724327e+01
-6.509426281664725877e+01 -2.740173264606162284e+00 -8.361489694651533355e+00 -2.740173264606162284e+00 -7.049476932992195088e+01 -2.219974575179840315e+01 -8.361489694651533355e+00 -2.219974575179840315e+01 -4.433367630423451544e+01
-3.088245954767574375e+01 2.255830267555530000e+01 1.018751291923910784e+01 2.255830267555530000e+01 -8.082050131249705771e+01 1.853390801630228779e+01 1.018751291923910784e+01 1.853390801630228779e+01 -6.092521656579391731e+01
-8.829312151630755068e+01 2.937411010663161903e+00 4.741234862142180617e+01 2.937411010663161903e+00 -1.339891248174052123e+02 -1.423976001774214950e+01 4.741234862142180617e+01 -1.423976001774214950e+01 -1.262392485638095820e+02
-5.902557006851080246e+01 1.869711643379522670e+01 -2.059667769219150202e+01 1.869711643379522670e+01 -4.642929795912208846e+01 -1.823962438219247417e+01 -2.059667769219150202e+01 -1.823962438219247417e+01 -7.938189459180314600e+01
-4.147418431019337248e+01 -1.454140893521465827e+01 2.367027015466886652e+01 -1.454140893521465827e+01 -4.253332026348726913e+01 -1.601348047977131017e+01 2.367027015466886652e+01 -1.601348047977131017e+01 -1.433859930848866604e+01
3.659935001940164856e+00 -1.052296215260876089e+01 -2.407843035823409750e+01 -1.052296215260876089e+01 2.112001636315708808e+01 -2.112488273327744182e+01 -2.407843035823409750e+01 -2.112488273327744182e+01 -4.393119695606382180e+01
-5.583175734756486719e+01 3.892977913029140868e+00 1.089095018812974658e+01 3.892977913029140868e+00 -9.303480991367140973e+01 1.302907222475851157e+01 1.089095018812974658e+01 1.302907222475851157e+01 -8.583885185494034431e+01
-1.261861188177180537e+02 1.107614522167489390e+01 1.502357811531821774e+01 1.107614522167489390e+01 -7.654471336540366622e+01 -9.187947012877513586e+00 1.502357811531821774e+01 -9.187947012877513586e+00 -1.303585695618053251e+02
-2.864184181785500982e+01 -1.176239820541238501e+01 -5.245108804647964362e+00 -1.176239820541238501e+01 -2.525775998680346390e+01 3.170090400584108181e+00 -5.245108804647964362e+00 3.170090400584108181e+00 -8.122670305958686754e+01
-6.198488554990029087e+01 8.236545603088702094e+00 2.625421774380391327e+01 8.236545603088702094e+00 -6.480822888846012120e+01 -5.491016435731341794e+00 2.625421774380391327e+01 -5.491016435731341794e+00 -5.701667583513592064e+01
-3.597698182714731274e+01 2.653003588434781435e+01 3.215260775201310395e+01 2.653003588434781435e+01 -4.911899684347645945e+01 -5.182150201589866612e+00 3.215260775201310395e+01 -5.182150201589866612e+00 -2.837767822931187212e+01
-5.098044080430456404e+01 -2.225728791859657107e+00 2.667266664364656847e+01 -2.225728791859657107e+00 -1.042296167768549964e+01 9.705762320547000499e+00 2.667266664364656847e+01 9.705762320547000499e+00 -9.755731782474120450e+01
