2.253814992276546036e+03 3.555782545741795531e+01 8.378420559639261356e+00 3.555782545741795531e+01 2.244933250488421891e+03 2.602985859373271538e+01 8.378420559639261356e+00 2.602985859373271538e+01 2.274239620126435966e+03
2.395933522596785224e+03 6.247437611952097569e+01 6.004659079313262815e+00 6.247437611952097569e+01 2.324225577588145825e+03 4.339109999777049609e+01 6.004659079313262815e+00 4.339109999777049609e+01 2.381932608332137988e+03
1.389422010521698212e+03 2.468007870811184290e+01 -2.630960828529401052e+00 2.468007870811184290e+01 1.457601294022151023e+03 -4.268001171346180200e+01 -2.630960828529401052e+00 -4.268001171346180200e+01 1.506033398651601374e+03
2.433362325800987037e+03 6.827669573733244590e+01 9.424179406787427382e+00 6.827669573733244590e+01 2.340236405004238350e+03 3.539419605508577860e+01 9.424179406787427382e+00 3.539419605508577860e+01 2.404895269487621590e+03
2.054905964308763942e+03 2.780212943308090701e+01 8.630493426631453247e+00 2.780212943308090701e+01 2.067806292057603514e+03 5.169714510106658878e+01 8.630493426631453247e+00 5.169714510106658878e+01 2.130065276668779006e+03
1.221782798088194113e+03 -6.663948591704184743e+00 4.182212440665288966e+01 -6.663948591704184743e+00 1.323819480483392226e+03 -5.143596220051792045e+01 4.182212440665288966e+01 -5.143596220051792045e+01 1.278612723146469307e+03
1.710329948965969152e+03 2.488287548194920973e+01 7.846046423522038182e+00 2.488287548194920973e+01 1.740572447396087455e+03 3.687494376427092213e+00 7.846046423522038182e+00 3.687494376427092213e+00 1.782040090967978358e+03
9.666425589155948046e+02 2.181741176651394110e+00 5.928336867820391376e+01 2.181741176651394110e+00 1.036999116462457096e+03 -2.961403781424312953e+01 5.928336867820391376e+01 -2.961403781424312953e+01 1.045952033260829921e+03
2.657047551923425999e+03 -3.857204271363374204e+01 1.457224686722557117e+01 -3.857204271363374204e+01 2.586016748531151734e+03 3.858104641470080054e+01 1.457224686722557117e+01 3.858104641470080054e+01 2.718859204281531674e+03
2.183032754881182427e+03 2.945662462862871322e+01 -3.477187784780652269e+00 2.945662462862871322e+01 2.173054418596738287e+03 3.553180690419603849e+01 -3.477187784780652269e+00 3.553180690419603849e+01 2.213905988217897630e+03
1.464877845929777095e+03 1.498225124073185555e+01 1.101263404784748978e+01 1.498225124073185555e+01 1.530898037843019665e+03 1.194846387746705041e+01 1.101263404784748978e+01 1.194846387746705041e+01 1.589000972813192675e+03
2.421130875437324903e+03 8.395866648237927166e+01 3.912268402440824300e+00 8.395866648237927166e+01 2.353667388186453081e+03 4.561708515696718536e+01 3.912268402440824300e+00 4.561708515696718536e+01 2.416350440471597267e+03
1.118600422196815771e+03 -2.823879388143929692e+00 6.951346020767722678e+01 -2.823879388143929692e+00 1.186675419828671920e+03 -4.111262401980776815e+01 6.951346020767722678e+01 -4.111262401980776815e+01 1.146915196807246957e+03
1.953612030571026025e+03 1.924042176541178861e+01 1.999506011237255976e+01 1.924042176541178861e+01 1.930212201433439077e+03 4.153318861599047551e+01 1.999506011237255976e+01 4.153318861599047551e+01 2.013663469096962899e+03
1.959526027189198658e+03 1.638202325048997210e+01 1.463545006817595073e+01 1.638202325048997210e+01 1.959762061547196936e+03 3.965936568826778341e+01 1.463545006817595073e+01 3.965936568826778341e+01 2.013084615541114772e+03
2.671825838732027933e+03 -2.148339443098809554e+01 -1.886582576452356363e+01 -2.148339443098809554e+01 2.569532751168419509e+03 2.829921853483268634e+01 -1.886582576452356363e+01 2.829921853483268634e+01 2.699307934228183512e+03
1.068845950167966748e+03 5.573272693684963919e+00 6.289295109161940900e+01 5.573272693684963919e+00 1.156043788008446654e+03 -4.641871404929376865e+01 6.289295109161940900e+01 -4.641871404929376865e+01 1.143921246191446926e+03
1.799326126242631290e+03 1.259491428969422699e+01 3.057636322122989725e+01 1.259491428969422699e+01 1.782834948819119518e+03 4.946182844953224134e+01 3.057636322122989725e+01 4.946182844953224134e+01 1.832121811081964779e+03
1.369905597877615492e+03 1.090689789679871424e+01 1.712317907940228068e+01 1.090689789679871424e+01 1.429530716333279088e+03 -2.021072481714507774e+01 1.712317907940228068e+01 -2.021072481714507774e+01 1.452651036680220159e+03
1.572082499055314656e+03 2.597562126018406747e+00 4.131953281072113349e+00 2.597562126018406747e+00 1.618227719894354323e+03 1.017816594428190413e+01 4.131953281072113349e+00 1.017816594428190413e+01 1.636775428359935631e+03
2.123606875322534052e+03 2.893352727736624530e+01 -7.548155456103539329e+00 2.893352727736624530e+01 2.104016672863970143e+03 4.515880109290966971e+01 -7.548155456103539329e+00 4.515880109290966971e+01 2.134579479433844881e+03
2.522345137401194734e+03 8.132178949079012398e+00 4.687702386373284291e+00 8.132178949079012398e+00 2.473810054388485241e+03 2.528007805783672168e+01 4.687702386373284291e+00 2.528007805783672168e+01 2.526059645248133620e+03
2.473046105133024412e+03 6.548001077593428931e+01 1.673776439901313040e+01 6.548001077593428931e+01 2.383374587910429909e+03 2.778794343049128557e+01 1.673776439901313040e+01 2.778794343049128557e+01 2.439023615780594810e+03
1.356542359926303561e+03 1.558250207850348801e+01 3.621010076196609617e+01 1.558250207850348801e+01 1.418228020498940623e+03 -3.151150707153340491e+01 3.621010076196609617e+01 -3.151150707153340491e+01 1.458525414390927835e+03
1.460783146786509178e+03 8.002409769339417167e+00 1.038700292158790894e+01 8.002409769339417167e+00 1.494733356456336196e+03 1.373470196683141964e+01 1.038700292158790894e+01 1.373470196683141964e+01 1.526958436196258390e+03
1.517551893674680286e+03 1.668422709094612699e+01 1.346780431286358315e+01 1.668422709094612699e+01 1.561978274695360142e+03 1.129535035682995314e+01 1.346780431286358315e+01 1.129535035682995314e+01 1.621485740934127762e+03
2.645552708029830683e+03 1.950576131923799972e+00 -2.446219789362584152e+01 1.950576131923799972e+00 2.565761598080282965e+03 3.519237633669690979e+01 -2.446219789362584152e+01 3.519237633669690979e+01 2.672178702872288341e+03
2.386624871951987188e+03 7.039981678585122893e+01 2.135895659357022858e+00 7.039981678585122893e+01 2.326999457896793501e+03 3.331820622604445248e+01 2.135895659357022858e+00 3.331820622604445248e+01 2.395468978626886383e+03
2.612781294841799991e+03 -6.815134298150566927e+00 3.515593014005404360e+00 -6.815134298150566927e+00 2.542577147290448920e+03 3.071066125416405512e+01 3.515593014005404360e+00 3.071066125416405512e+01 2.664479272819995458e+03
2.420275346399664613e+03 1.091142293396685758e+01 -4.547145769692725992e+00 1.091142293396685758e+01 2.382444024102080675e+03 1.835160853651238710e+01 -4.547145769692725992e+00 1.835160853651238710e+01 2.456153052647907771e+03
1.112758646668528172e+03 -8.153288052016865350e+00 5.792632403201906754e+01 -8.153288052016865350e+00 1.234098099478213953e+03 -2.475763678490563890e+01 5.792632403201906754e+01 -2.475763678490563890e+01 1.168714951678839725e+03
1.839575857464242063e+03 2.970459628824918497e+01 2.223670102743960442e+01 2.970459628824918497e+01 1.844483822408061997e+03 4.115888246316531252e+01 2.223670102743960442e+01 4.115888246316531252e+01 1.898691940527543466e+03
9.682153794543759204e+02 -8.337492842511237678e-02 5.543897867325683393e+01 -8.337492842511237678e-02 1.031574071109345368e+03 -4.466078289451587580e+01 5.543897867325683393e+01 -4.466078289451587580e+01 1.016849834411898200e+03
2.131168028436730310e+03 4.678355048848077757e+01 5.976411334232595074e+00 4.678355048848077757e+01 2.113108110560503519e+03 5.304336463040203142e+01 5.976411334232595074e+00 5.304336463040203142e+01 2.151016822545320338e+03
2.143485763180210597e+03 3.866302123310259020e+01 2.986642435426743347e+00 3.866302123310259020e+01 2.154887764423770477e+03 4.863265311018209047e+01 2.986642435426743347e+00 4.863265311018209047e+01 2.172180208250136729e+03
1.592300682467319803e+03 1.914614364202197550e+01 2.927049939038634463e+01 1.914614364202197550e+01 1.594892590755982383e+03 -8.186798851995693571e-01 2.927049939038634463e+01 -8.186798851995693571e-01 1.629135684888449532e+03
1.016687662988205375e+03 -6.726778122647498748e+00 6.913753819612618656e+01 -6.726778122647498748e+00 1.115797814548272981e+03 -3.556914924115919518e+01 6.913753819612618656e+01 -3.556914924115919518e+01 1.086002265841369081e+03
1.893768893290623964e+03 1.721201240520180775e+01 7.925903346572569674e+00 1.721201240520180775e+01 1.908386706085697369e+03 3.157083881524969371e+01 7.925903346572569674e+00 3.157083881524969371e+01 1.924176722416270650e+03
1.400496703194800830e+03 -2.814674211448183083e+00 3.168449038660685702e+01 -2.814674211448183083e+00 1.470830195044231232e+03 -3.001445284806786162e+01 3.168449038660685702e+01 -3.001445284806786162e+01 1.481121924545896718e+03
2.430708626464581357e+03 1.655126741849182181e+01 -1.194340524980190921e+01 1.655126741849182181e+01 2.396115784032072952e+03 8.938148865155648437e+00 -1.194340524980190921e+01 8.938148865155648437e+00 2.452190968110903668e+03
8.920089282991632444e+02 -1.925865059192940620e+01 5.697786246832368562e+01 -1.925865059192940620e+01 9.493255817996785026e+02 -4.407871988964113541e+01 5.697786246832368562e+01 -4.407871988964113541e+01 9.211943781775755724e+02
2.186239532243334907e+03 2.801498214385146923e+01 1.447059231295587800e+01 2.801498214385146923e+01 2.201208537183708358e+03 4.988289228103732853e+01 1.447059231295587800e+01 4.988289228103732853e+01 2.222762686755685081e+03
2.205076259953864792e+03 4.208358745204795781e+01 3.585535394340095827e+00 4.208358745204795781e+01 2.191117720080419531e+03 6.280100820366929781e+01 3.585535394340095827e+00 6.280100820366929781e+01 2.230906420188890024e+03
2.457790644272038207e+03 6.822035117945158156e+00 -1.086113072295053428e+01 6.822035117945158156e+00 2.394043206825188918e+03 1.892968515793953443e+01 -1.086113072295053428e+01 1.892968515793953443e+01 2.451402797830852705e+03
2.041640112082467567e+03 5.140849321021286045e+01 6.892518951222442070e+00 5.140849321021286045e+01 2.030493227711326881e+03 3.978831094531935975e+01 6.892518951222442070e+00 3.978831094531935975e+01 2.071265797386723989e+03
1.613425681709514720e+03 8.905754017215611995e+00 1.116370291515518787e+01 8.905754017215611995e+00 1.659141373378460685e+03 1.077883687929408829e+01 1.116370291515518787e+01 1.077883687929408829e+01 1.706728860651485320e+03
2.499560315922620703e+03 1.185432583602236711e+01 -1.356407928944885555e+01 1.185432583602236711e+01 2.464648500299370426e+03 2.426881593412025495e+01 -1.356407928944885555e+01 2.426881593412025495e+01 2.540457394392223250e+03
2.652942514239810862e+03 -1.561519343105874924e+01 -1.047998959925175910e+01 -1.561519343105874924e+01 2.625473305675223401e+03 2.254083367029427620e+01 -1.047998959925175910e+01 2.254083367029427620e+01 2.670941841970312908e+03
2.498199010569315760e+03 7.742249379481934035e+00 -1.546029867453282636e+00 7.742249379481934035e+00 2.454806097401521129e+03 4.592862665417500878e+00 -1.546029867453282636e+00 4.592862665417500878e+00 2.503006344700021145e+03
1.896466670377531727e+03 2.436392217746184130e+01 1.243507612276609464e+01 2.436392217746184130e+01 1.873351429374775989e+03 4.521542014107601659e+01 1.243507612276609464e+01 4.521542014107601659e+01 1.961667329230953555e+03
1.965266352867728756e+03 3.889622135007972759e+01 1.679900140994346147e+00 3.889622135007972759e+01 1.951280975857277326e+03 4.242091659867858056e+01 1.679900140994346147e+00 4.242091659867858056e+01 2.003889090188844193e+03
2.027818991426580396e+03 2.153879571260119619e+01 -2.678184871090541819e+00 2.153879571260119619e+01 2.037521591091448727e+03 3.842464296283547753e+01 -2.678184871090541819e+00 3.842464296283547753e+01 2.085992592977881486e+03
1.627773785421630691e+03 2.244599293851164390e+01 4.837241588072655141e+00 2.244599293851164390e+01 1.682564650838266743e+03 -4.229774659756465383e+00 4.837241588072655141e+00 -4.229774659756465383e+00 1.695056376963197863e+03
2.449508637229169381e+03 4.835019936211605796e+01 2.668144874408516998e+01 4.835019936211605796e+01 2.356983478738060057e+03 3.861707373844354407e+01 2.668144874408516998e+01 3.861707373844354407e+01 2.421867531243507074e+03
1.290010242775854294e+03 -1.255944261897075620e+01 2.727510190740446916e+01 -1.255944261897075620e+01 1.377138996409546507e+03 -2.192311818046479033e+01 2.727510190740446916e+01 -2.192311818046479033e+01 1.370338986036229471e+03
1.161888325851138461e+03 -1.300560290884261505e+01 4.986209310205020273e+01 -1.300560290884261505e+01 1.270322267120020570e+03 -4.497596907932040011e+01 4.986209310205020273e+01 -4.497596907932040011e+01 1.233712120412965760e+03
8.594940141260652808e+02 5.347021583657911137e+00 7.533114286220383349e+01 5.347021583657911137e+00 9.443680676096784055e+02 -1.848830748912428845e+01 7.533114286220383349e+01 -1.848830748912428845e+01 9.197325401267344205e+02
1.145519135594754516e+03 3.756293734755398184e+00 7.134040100031744203e+01 3.756293734755398184e+00 1.235433835586469968e+03 -3.740912393251565504e+01 7.134040100031744203e+01 -3.740912393251565504e+01 1.208851656054290061e+03
1.320319085453734715e+03 -3.229206887385158709e+00 2.726424633729425295e+01 -3.229206887385158709e+00 1.412946347214648085e+03 -3.181078882756685644e+01 2.726424633729425295e+01 -3.181078882756685644e+01 1.427719962158376575e+03
1.056702704796359740e+03 6.659539731209375368e+00 6.442069731094511553e+01 6.659539731209375368e+00 1.114613836492744895e+03 -4.233549380004313889e+01 6.442069731094511553e+01 -4.233549380004313889e+01 1.094863542554274318e+03
1.817292529987460739e+03 1.965264258526378782e+01 1.618428052314947863e+01 1.965264258526378782e+01 1.828357623765332846e+03 4.760552777330966023e+01 1.618428052314947863e+01 4.760552777330966023e+01 1.863699463223187422e+03
2.296475823691199366e+03 1.681409621051330916e+01 1.166341923485854526e+00 1.681409621051330916e+01 2.301987730861057116e+03 3.802967753785270588e+01 1.166341923485854526e+00 3.802967753785270588e+01 2.343807831820179672e+03
2.241169690302456729e+03 2.482068922972478475e+01 -4.208478628002390032e+00 2.482068922972478475e+01 2.242409284957480395e+03 4.265477995282022050e+01 -4.208478628002390032e+00 4.265477995282022050e+01 2.264542060341299930e+03
2.311054638363096728e+03 2.061999171408255904e+01 -8.966479871632785148e+00 2.061999171408255904e+01 2.303733681364296444e+03 5.456885827959898450e+01 -8.966479871632785148e+00 5.456885827959898450e+01 2.340220047945944771e+03
1.247862136104189631e+03 -1.493966836745934756e+01 4.672771527670318648e+01 -1.493966836745934756e+01 1.358725192985458079e+03 -3.704241546850532529e+01 4.672771527670318648e+01 -3.704241546850532529e+01 1.328252059915310610e+03
2.296181840131352601e+03 2.391328259480382812e+01 -3.471123249042461278e+00 2.391328259480382812e+01 2.272724201444056689e+03 5.850170596046413607e+01 -3.471123249042461278e+00 5.850170596046413607e+01 2.305271905954853992e+03
2.416560972098235197e+03 6.990837041131719332e+01 -4.344789716442367222e+00 6.990837041131719332e+01 2.346178697765256857e+03 4.059221763859166288e+01 -4.344789716442367222e+00 4.059221763859166288e+01 2.407432913458032090e+03
2.072739497907828081e+03 1.937026922105306070e+01 8.988704073416915463e+00 1.937026922105306070e+01 2.050925904460401853e+03 4.534388295503880073e+01 8.988704073416915463e+00 4.534388295503880073e+01 2.103876737009393764e+03
9.322786535437633120e+02 4.682375552691747878e+00 6.187092502961503726e+01 4.682375552691747878e+00 1.004589725844826944e+03 -2.111257378606865487e+01 6.187092502961503726e+01 -2.111257378606865487e+01 9.904064779437082962e+02
2.586311337570082287e+03 1.286016927232819906e+00 -4.384526733230113216e+00 1.286016927232819906e+00 2.511091628801708794e+03 2.078480267301770112e+01 -4.384526733230113216e+00 2.078480267301770112e+01 2.579161672415411886e+03
2.297870829539689566e+03 2.339098594233088235e+01 -8.134170281842614258e+00 2.339098594233088235e+01 2.301535320113508988e+03 5.906633387930695989e+01 -8.134170281842614258e+00 5.906633387930695989e+01 2.334762517791755727e+03
1.163489015694666705e+03 -8.197960168034448714e+00 4.339991543657455964e+01 -8.197960168034448714e+00 1.293415729239270377e+03 -3.253334736910201030e+01 4.339991543657455964e+01 -3.253334736910201030e+01 1.241915885205590712e+03
1.434888930358055632e+03 1.315252603067224868e+01 3.158424069790854105e+00 1.315252603067224868e+01 1.477292893984226339e+03 -2.001758784448136197e+01 3.158424069790854105e+00 -2.001758784448136197e+01 1.531386470677349735e+03
2.447537410758825899e+03 4.413223439254118574e+01 1.648593698899010818e+01 4.413223439254118574e+01 2.332808041841439262e+03 4.384101638259824085e+01 1.648593698899010818e+01 4.384101638259824085e+01 2.443936453716557025e+03
1.678370209165323331e+03 2.740233600847832207e+01 1.776122582276111928e+01 2.740233600847832207e+01 1.744521507262456907e+03 2.122472847183906808e+01 1.776122582276111928e+01 2.122472847183906808e+01 1.728575590589008470e+03
1.642191528849701399e+03 2.064521895124908113e+01 1.117522856322744218e+01 2.064521895124908113e+01 1.692319516009104518e+03 2.237810680978276423e+01 1.117522856322744218e+01 2.237810680978276423e+01 1.701618530983412938e+03
2.200073948757552898e+03 2.946431398711838767e+01 8.089267441541261761e+00 2.946431398711838767e+01 2.189425468883098802e+03 5.663168221256613322e+01 8.089267441541261761e+00 5.663168221256613322e+01 2.208575726769823177e+03
2.625509995077389704e+03 3.963029221053348650e+00 -8.400529953706481479e+00 3.963029221053348650e+00 2.566568364151652077e+03 2.685242797519007496e+01 -8.400529953706481479e+00 2.685242797519007496e+01 2.665698171736059066e+03
2.228110831416043311e+03 1.787887018723295540e+01 1.645672262039596134e+01 1.787887018723295540e+01 2.230156769499903476e+03 4.748703943836037666e+01 1.645672262039596134e+01 4.748703943836037666e+01 2.270364484634296332e+03
2.592993476125857796e+03 -1.271456110509792126e+01 2.630898829121633753e+00 -1.271456110509792126e+01 2.556202496621007867e+03 1.990885737216115103e+01 2.630898829121633753e+00 1.990885737216115103e+01 2.618348647936974430e+03
1.238921029156383383e+03 -1.227318812137706416e+01 4.964723853413581622e+01 -1.227318812137706416e+01 1.354510823496556895e+03 -4.709673065789343838e+01 4.964723853413581622e+01 -4.709673065789343838e+01 1.327156384083269813e+03
1.871419607811964852e+03 2.491869081988908263e+01 9.671558104720427096e+00 2.491869081988908263e+01 1.837640894498134458e+03 3.374550794680676091e+01 9.671558104720427096e+00 3.374550794680676091e+01 1.884971834588696993e+03
2.483305817070095145e+03 -1.239062436447505355e+00 -1.506521129350560528e+01 -1.239062436447505355e+00 2.451718922357012161e+03 5.033905276743584345e+00 -1.506521129350560528e+01 5.033905276743584345e+00 2.517974601751678620e+03
2.158891599543759185e+03 2.954345780003298216e+01 -1.645519164151270530e+00 2.954345780003298216e+01 2.171948900965821394e+03 5.443609566086817608e+01 -1.645519164151270530e+00 5.443609566086817608e+01 2.198216426262962159e+03
2.466933153496269824e+03 9.697207329460461267e+00 9.417510061201202376e+00 9.697207329460461267e+00 2.419938941164502012e+03 3.247669554734781805e+00 9.417510061201202376e+00 3.247669554734781805e+00 2.474345306495281420e+03
2.283559541266482029e+03 1.936892578579937663e+01 7.557585157298006173e+00 1.936892578579937663e+01 2.274655930859379168e+03 4.625631582186544932e+01 7.557585157298006173e+00 4.625631582186544932e+01 2.305903027550409206e+03
2.122047692746763005e+03 1.585092397206235582e+01 -1.688957084727732649e+01 1.585092397206235582e+01 2.129396688400486710e+03 5.763916239189198620e+01 -1.688957084727732649e+01 5.763916239189198620e+01 2.165206141774847765e+03
1.934561339378055436e+03 4.092228008621957969e+01 2.581350840351283082e+01 4.092228008621957969e+01 1.900654595271362496e+03 4.943070545381889502e+01 2.581350840351283082e+01 4.943070545381889502e+01 1.970444010716926869e+03
1.769017558801499263e+03 2.291697144152952603e+01 2.176384522499008867e+01 2.291697144152952603e+01 1.738399123268087351e+03 3.627148281265534280e+01 2.176384522499008867e+01 3.627148281265534280e+01 1.817806795869207235e+03
2.032560647038907064e+03 2.081810901957460302e+01 2.382127950914813042e+01 2.081810901957460302e+01 2.015797896795863608e+03 4.116993885821364785e+01 2.382127950914813042e+01 4.116993885821364785e+01 2.081955740708719077e+03
