1.194259683039138942e+01 -6.252339950131112545e+00 5.384336329138091237e+00 -6.252339950131112545e+00 2.456209452212416622e+01 -3.250286764581545640e+00 5.384336329138091237e+00 -3.250286764581545640e+00 4.443215831831354379e+00
1.413906628871813709e+01 -1.000929515606143294e+00 1.274730592429790121e+01 -1.000929515606143294e+00 -1.402738409109313800e+01 -2.897538476938169794e+01 1.274730592429790121e+01 -2.897538476938169794e+01 7.049849624414408211e+00
9.663219741021963571e+00 2.859049972259128936e+00 3.774659506371546014e-01 2.859049972259128936e+00 1.920247628113725957e+00 1.395612207668026272e+01 3.774659506371546014e-01 1.395612207668026272e+01 -1.328515060417535842e+01
-1.509490314212221840e+01 -5.401928362215972612e+00 -2.348007905539459017e+01 -5.401928362215972612e+00 -1.513047889738546381e+01 1.010027411032671907e+01 -2.348007905539459017e+01 1.010027411032671907e+01 -1.574261281906024479e+01
-2.340864941466029414e+00 -8.459772173136395068e+00 1.103349722313165415e+01 -8.459772173136395068e+00 1.829555192627686466e+01 1.155807009260186291e+01 1.103349722313165415e+01 1.155807009260186291e+01 -2.061179648790315255e+01
-9.836158626578011877e+00 3.318397060084309125e+00 -5.822778403023129989e+00 3.318397060084309125e+00 1.193396337026211107e+01 2.206072059736857494e+00 -5.822778403023129989e+00 2.206072059736857494e+00 -1.171352206158208453e+01
-4.505487526545468135e+00 -1.282105907972569625e+01 2.758128377535934206e+00 -1.282105907972569625e+01 8.410379969300960212e+00 -2.190923535251005916e+00 2.758128377535934206e+00 -2.190923535251005916e+00 -3.188069313632722501e+00
-1.595780712146264158e+01 -1.352623434152020998e+01 -3.966810766521802645e+00 -1.352623434152020998e+01 2.955522933519093343e+01 7.617645899610255178e+00 -3.966810766521802645e+00 7.617645899610255178e+00 3.198161674833613244e+00
1.661559891210944073e+01 5.828063550528251646e+00 4.639090242623096216e+00 5.828063550528251646e+00 9.750796197449391300e+00 -1.284829853716391312e+01 4.639090242623096216e+00 -1.284829853716391312e+01 -5.030718976437584367e+00
-4.863908490304948984e+00 -4.384900549197664255e+00 -1.008486788735379891e+00 -4.384900549197664255e+00 -9.042196541454613268e+00 -5.739692247552727888e-01 -1.008486788735379891e+00 -5.739692247552727888e-01 1.273790465803950278e+00
5.532016582467110588e+00 8.893108547916273920e+00 5.025593153099626953e+00 8.893108547916273920e+00 1.531466337059377381e+01 2.163760066066162668e+00 5.025593153099626953e+00 2.163760066066162668e+00 -8.366435925442345933e+00
-1.275552412492080379e+01 -1.164543737260416378e+01 1.344552998630349450e+01 -1.164543737260416378e+01 4.958824801775805646e+00 -3.926630194156932596e-01 1.344552998630349450e+01 -3.926630194156932596e-01 -4.127618611484726863e+00
1.675727996384673846e+00 -4.946313161627525545e+00 1.351725146010125300e+01 -4.946313161627525545e+00 8.817711320109696160e+00 1.019024105470784214e+01 1.351725146010125300e+01 1.019024105470784214e+01 8.089775334420687969e+00
-1.540468683572344055e+01 -6.328753350573184555e+00 -5.953763595706695888e+00 -6.328753350573184555e+00 9.402334617991424892e+00 1.811864328364779553e+01 -5.953763595706695888e+00 1.811864328364779553e+01 1.080714244931553125e+01
1.036719561436992265e+01 2.834780219217839736e+00 -7.010687240506147333e+00 2.834780219217839736e+00 6.808744942099812292e+00 7.897242108505087899e+00 -7.010687240506147333e+00 7.897242108505087899e+00 -3.987894815030065487e+00
3.533228589321910107e+01 -9.740918650352998753e+00 -2.318131494094807366e+01 -9.740918650352998753e+00 1.754907158996647709e+01 7.148241486363823505e+00 -2.318131494094807366e+01 7.148241486363823505e+00 2.341050531200420615e+00
2.042411543551916964e+01 1.496211099882673645e+00 9.615370533702312983e+00 1.496211099882673645e+00 1.962136641806466741e+01 2.031173005602715875e+01 9.615370533702312983e+00 2.031173005602715875e+01 -5.859499907459629897e-01
3.936359467985187166e+01 -2.853577679490823193e+00 -7.148524813800380073e+00 -2.853577679490823193e+00 1.640413746096023928e+01 -8.533624865964709372e+00 -7.148524813800380073e+00 -8.533624865964709372e+00 -5.880287411873061032e+00
2.002943191019885916e+01 7.111253372433011144e+00 -2.648026865234955007e+00 7.111253372433011144e+00 1.769168620789869095e+01 1.252248665370770730e+01 -2.648026865234955007e+00 1.252248665370770730e+01 2.229852010675315910e+00
2.315101813708919209e+01 -5.047849634971833588e+00 1.016606447476034347e+01 -5.047849634971833588e+00 9.652530422982264824e+00 -1.195436289334245927e+01 1.016606447476034347e+01 -1.195436289334245927e+01 -4.137589108890547429e+00
-9.313649575972448247e+00 -1.597679989369794917e+01 4.289221083357895314e-01 -1.597679989369794917e+01 9.373352456487534567e+00 -8.184182491127344861e+00 4.289221083357895314e-01 -8.184182491127344861e+00 -8.122379699985559753e+00
7.449497844310097427e+00 -4.360271755624762768e+00 2.042659688128225515e+00 -4.360271755624762768e+00 -5.093833159477433981e+00 2.871470173495692890e+00 2.042659688128225515e+00 2.871470173495692890e+00 9.395449594757911527e+00
1.636265239930183579e+00 -8.014534905954040056e+00 -4.566758637036671509e+00 -8.014534905954040056e+00 1.085587002693318093e+00 -1.244567665119724964e+01 -4.566758637036671509e+00 -1.244567665119724964e+01 9.907003763832468834e+00
2.130031230779884410e+01 2.390408521057681757e+00 9.769721954923611396e-01 2.390408521057681757e+00 1.326028919105285198e+01 -7.940452667853089785e+00 9.769721954923611396e-01 -7.940452667853089785e+00 2.036132848355833502e+01
1.110663186891594734e+01 1.491055766054887544e+00 -2.469275076471316943e+00 1.491055766054887544e+00 1.539969377533589068e+01 1.941922027696303488e+01 -2.469275076471316943e+00 1.941922027696303488e+01 3.339442149103355018e+00
-2.221323966883932144e+01 -8.682524992268438879e+00 4.797182034961594566e-01 -8.682524992268438879e+00 2.093874002210255103e+00 2.278871204841844289e+01 4.797182034961594566e-01 2.278871204841844289e+01 7.846940144194867628e+00
-7.995009108465777281e+00 5.881535300732890548e+00 -4.200594058719026691e+00 5.881535300732890548e+00 9.678879789082523999e+00 7.325863252365818923e+00 -4.200594058719026691e+00 7.325863252365818923e+00 -1.988686476295618233e+00
1.078192970472970025e+01 -8.754561599795959381e+00 1.680324745080665849e+01 -8.754561599795959381e+00 2.408643798852005347e+01 2.416735826529543374e+01 1.680324745080665849e+01 2.416735826529543374e+01 -1.475067845718840687e+01
9.333826704896511117e+00 6.095879231667276521e+00 -1.444125010264337305e+01 6.095879231667276521e+00 2.545722796919721809e+00 2.014673391116382462e+01 -1.444125010264337305e+01 2.014673391116382462e+01 2.402338069393553877e+00
2.925161328366269586e+01 -5.491420171149361096e+00 4.386077268674576146e+00 -5.491420171149361096e+00 8.154854084334004938e+00 -1.027493955525699576e+01 4.386077268674576146e+00 -1.027493955525699576e+01 9.799319686646514427e+00
-3.801317118638577686e+00 8.162377886275903549e+00 9.073893913787561161e+00 8.162377886275903549e+00 -9.784556491550944202e+00 -5.262702840489734690e+00 9.073893913787561161e+00 -5.262702840489734690e+00 -8.419160921084326787e+00
-1.165788901461734994e+01 -7.726926980005880630e+00 -6.037430484596139735e+00 -7.726926980005880630e+00 -1.007938438794253599e+01 -3.884977876549152498e+00 -6.037430484596139735e+00 -3.884977876549152498e+00 -7.678664826879884053e+00
1.118362377381509987e+01 9.072468408907008453e-01 -1.004526482270275700e+01 9.072468408907008453e-01 -3.617078563565667260e+00 1.516226810528278257e+01 -1.004526482270275700e+01 1.516226810528278257e+01 -2.079660813468278135e+00
-8.823681762542491924e+00 -9.711355771117638369e+00 7.316763617565271716e+00 -9.711355771117638369e+00 1.398004052911623951e+01 -1.866841578809293134e+00 7.316763617565271716e+00 -1.866841578809293134e+00 5.401607495929706459e+00
2.353030333248421968e+01 5.203432602608102364e+00 -6.473553899426126579e-01 5.203432602608102364e+00 2.856940764939401944e+01 1.396932336527056151e+01 -6.473553899426126579e-01 1.396932336527056151e+01 -1.494183471298057508e+00
-1.837116253544826883e+00 -4.936131482136600468e+00 -5.488778738869116047e+00 -4.936131482136600468e+00 -3.004623659585749174e+00 1.731075592715534794e+00 -5.488778738869116047e+00 1.731075592715534794e+00 7.727697158492988549e+00
-1.646606737592714609e+01 -4.755988830976517256e+00 -1.124427084775543939e+01 -4.755988830976517256e+00 -2.244035688230543357e+01 -2.715544238431138790e+00 -1.124427084775543939e+01 -2.715544238431138790e+00 -1.969342994986058315e+01
-2.578556796003837359e+00 -1.913207275670396967e+01 6.124731954711462478e+00 -1.913207275670396967e+01 6.995678133468011262e-02 6.787093300936845708e+00 6.124731954711462478e+00 6.787093300936845708e+00 -1.017617637587856905e+01
1.861063190208933804e+01 8.516290080622345160e-01 5.208585936593718380e+00 8.516290080622345160e-01 1.365246194409251679e+01 -1.623635316294770092e+01 5.208585936593718380e+00 -1.623635316294770092e+01 4.560149979989557067e+00
1.043587359729871977e+01 2.832948069268022007e+00 2.927228933618010842e+00 2.832948069268022007e+00 3.418450781612492495e+00 -1.101382884611792257e+01 2.927228933618010842e+00 -1.101382884611792257e+01 2.324553380561037486e+01
5.182820380906234092e+00 5.344190842728543167e+00 -2.909370301197761677e+01 5.344190842728543167e+00 -1.052855192244599891e+01 -3.484464189906398612e+00 -2.909370301197761677e+01 -3.484464189906398612e+00 1.100762678631336478e+01
-1.949312095471821493e+00 -2.474292298699956927e+00 4.556110510591492968e+00 -2.474292298699956927e+00 -9.180554339537000175e+00 -4.317436409304860057e+00 4.556110510591492968e+00 -4.317436409304860057e+00 -1.065165856591683990e+01
1.413260435155489247e+01 1.575870096671812659e+00 -7.412092365116435211e+00 1.575870096671812659e+00 7.231951659799348953e+00 -2.031612401377592025e+00 -7.412092365116435211e+00 -2.031612401377592025e+00 1.352279799126016435e+01
7.812493199603694372e+00 1.081756132932873271e+01 2.843794764314806489e+00 1.081756132932873271e+01 2.196521859490694339e+00 -4.603225970168712600e+00 2.843794764314806489e+00 -4.603225970168712600e+00 -2.042691920275855555e+00
8.955978287212515099e+00 1.287345932577897045e+01 -5.962578031997477268e+00 1.287345932577897045e+01 -3.267910482944672790e+00 5.710793000076074932e+00 -5.962578031997477268e+00 5.710793000076074932e+00 1.360543674592873176e+00
4.944902752982505589e+00 -1.854640821221321545e+01 -6.475670599920317017e+00 -1.854640821221321545e+01 -3.422646194570651001e+00 -8.090067764500348702e+00 -6.475670599920317017e+00 -8.090067764500348702e+00 4.897398244470630324e+00
-7.710214126041494254e+00 6.764743687021046448e+00 -6.741749109053857048e+00 6.764743687021046448e+00 8.513720677835449280e+00 -1.303782806146549289e+00 -6.741749109053857048e+00 -1.303782806146549289e+00 9.868617804750789091e+00
7.460620427910247265e+00 -2.120536821729007038e+00 -1.918770376071013750e+00 -2.120536821729007038e+00 -2.177496318284927845e+00 4.082712310580077109e+00 -1.918770376071013750e+00 4.082712310580077109e+00 -1.114244247460791115e+01
1.715695247691473746e+00 -8.982007024141186236e+00 -8.949850537324728350e+00 -8.982007024141186236e+00 1.765821747189918511e+01 -7.499872529672224619e-01 -8.949850537324728350e+00 -7.499872529672224619e-01 3.984022527441908768e+00
9.837679685052270528e+00 -5.332640675092811477e+00 -9.718986591330907032e+00 -5.332640675092811477e+00 7.326994326478021513e+00 7.268869149879632729e+00 -9.718986591330907032e+00 7.268869149879632729e+00 1.050757178388359847e+01
7.728216447506393472e+00 3.632989221549183800e-01 -3.353212249384192933e+00 3.632989221549183800e-01 3.076644111188374886e+00 -1.063156553128902004e+01 -3.353212249384192933e+00 -1.063156553128902004e+01 2.633749724535010728e+01
-2.486872980550802748e+00 -1.080353288922577953e-01 5.789357436538717927e+00 -1.080353288922577953e-01 -3.873542975282556755e-01 -3.367028712176110439e+00 5.789357436538717927e+00 -3.367028712176110439e+00 -6.672685264681500250e+00
-4.211722197561313941e-01 -1.019564659929913830e+01 1.636671300253439876e+00 -1.019564659929913830e+01 1.007528558937692831e-01 -2.662672432255955624e+00 1.636671300253439876e+00 -2.662672432255955624e+00 1.022344594467414147e+01
1.623402287121846754e+01 -1.606549248437178790e+01 6.671049828111510926e+00 -1.606549248437178790e+01 2.359216943923815535e+01 2.605394513986205141e+01 6.671049828111510926e+00 2.605394513986205141e+01 1.238606049710385548e+01
-2.636017554060360313e-01 -1.485018161061037212e+01 1.475173105454241629e-01 -1.485018161061037212e+01 4.889062568100260187e+00 -8.896024731957787424e+00 1.475173105454241629e-01 -8.896024731957787424e+00 2.734189940546157516e+01
-3.967958007966473577e+00 6.023873937320001204e+00 -1.044342822426414585e+01 6.023873937320001204e+00 5.726013468910214760e-02 1.062370092350760054e+01 -1.044342822426414585e+01 1.062370092350760054e+01 -2.670606700795052468e+00
-1.522648406346450267e+00 -2.467706518613590028e+00 4.422874090890068111e+00 -2.467706518613590028e+00 2.180579549253021199e+01 -4.608589405136227057e+00 4.422874090890068111e+00 -4.608589405136227057e+00 1.114191681198071926e+01
1.264350542426090840e+01 -7.869918901419594270e+00 -1.209157399595021687e+01 -7.869918901419594270e+00 -6.522066952384875549e+00 -9.327621610898843230e+00 -1.209157399595021687e+01 -9.327621610898843230e+00 2.200545769816472230e+01
5.052951597043267462e+00 -8.203243348265393919e+00 -6.269784531539205341e-01 -8.203243348265393919e+00 2.795568963995445078e+00 1.748060377818823730e+00 -6.269784531539205341e-01 1.748060377818823730e+00 2.842397939547705477e+01
1.750225139077809899e+01 -6.438657039317146946e+00 7.102169635183678054e+00 -6.438657039317146946e+00 6.603633538291643346e-01 -4.665336982873376392e+00 7.102169635183678054e+00 -4.665336982873376392e+00 7.036437078659780298e+00
1.297958590975736470e+01 2.302634603368018396e-01 -3.718788485236768970e+00 2.302634603368018396e-01 -1.884205953104534714e+01 8.158331563677233333e+00 -3.718788485236768970e+00 8.158331563677233333e+00 7.292301278850626289e+00
-2.303161531061676204e+00 -7.078434860163950404e+00 -5.228097963309132012e+00 -7.078434860163950404e+00 1.373035071373995031e+01 9.037102323482526955e+00 -5.228097963309132012e+00 9.037102323482526955e+00 -1.384459625328675259e+01
-8.280036476322706340e-01 -2.518112623852116094e+00 4.021448669506396456e+00 -2.518112623852116094e+00 1.601000470225609362e+01 -5.432544234624685942e+00 4.021448669506396456e+00 -5.432544234624685942e+00 -1.834316787513587954e+01
1.903478389977994922e+01 1.898684002480488076e+01 -2.149927061275849205e+00 1.898684002480488076e+01 -5.854281501187532655e+00 -1.706754863970753711e+00 -2.149927061275849205e+00 -1.706754863970753711e+00 2.176210443624383828e+01
2.047865399776184603e+01 5.096273042622820881e+00 -1.813624536496420525e+00 5.096273042622820881e+00 1.202129471417015516e+01 3.566438414781711419e+00 -1.813624536496420525e+00 3.566438414781711419e+00 9.278488943642942743e+00
4.890505494386857777e+00 3.655140921907673146e+00 -4.994470696718819269e+00 3.655140921907673146e+00 3.353778957789394610e+01 2.090278149048652878e+01 -4.994470696718819269e+00 2.090278149048652878e+01 -2.188658441950924427e+01
5.201523636465795519e+00 5.821286705982027243e+00 2.791937869740757083e+00 5.821286705982027243e+00 -4.718081066171838422e+00 1.179278251203352212e+01 2.791937869740757083e+00 1.179278251203352212e+01 -1.142936527339331043e+00
-2.273577771432787831e+00 -1.550879715747447385e+01 -7.193133858465174946e+00 -1.550879715747447385e+01 -7.161423837444523599e+00 6.172168942994070484e+00 -7.193133858465174946e+00 6.172168942994070484e+00 -1.391561759832939771e+01
2.742343632368574591e-01 6.575212434380236282e+00 -4.410146466913644758e+00 6.575212434380236282e+00 -5.361346034640898317e+00 4.403109704414521347e-02 -4.410146466913644758e+00 4.403109704414521347e-02 8.931085277885186358e+00
-1.142048422679362929e+01 2.443128967841149901e+01 -8.360835191539883748e-01 2.443128967841149901e+01 -1.424322502093988874e+01 1.682848355500011550e+01 -8.360835191539883748e-01 1.682848355500011550e+01 -6.190663514560520220e+00
4.526408508069398984e+00 -1.121073353799317385e+00 -1.070955440706859640e+01 -1.121073353799317385e+00 2.031340472978502021e+01 -1.116474719889904499e+01 -1.070955440706859640e+01 -1.116474719889904499e+01 -5.525998336599718286e+00
2.932275868667184326e+01 2.014580666693061239e+00 -7.509450324793298215e+00 2.014580666693061239e+00 6.379551531892290406e+00 4.179882022904927830e+00 -7.509450324793298215e+00 4.179882022904927830e+00 1.382428265601348905e+01
9.635173664311556863e+00 3.919835904464824328e+00 -7.042419252012561692e+00 3.919835904464824328e+00 3.197816313971848956e+00 9.586041614915890463e+00 -7.042419252012561692e+00 9.586041614915890463e+00 4.012796952769280168e+00
1.741808863021039988e+00 1.419301640169867262e+00 6.013949344301027899e+00 1.419301640169867262e+00 -7.043673317755188457e+00 -1.285404751928948874e+00 6.013949344301027899e+00 -1.285404751928948874e+00 -1.182516156662723539e+01
9.196577926762973476e+00 -1.097277080899140600e+01 -9.916640644758105694e+00 -1.097277080899140600e+01 -3.628748451086191817e+00 -9.330452713848007562e+00 -9.916640644758105694e+00 -9.330452713848007562e+00 5.003594357931487657e+00
-7.833786443773433028e+00 6.953405805362250724e+00 -1.847212639029384817e+01 6.953405805362250724e+00 4.247614581846717030e+00 5.443824214239518788e+00 -1.847212639029384817e+01 5.443824214239518788e+00 -1.362583948749900387e+01
-4.102714581530529259e+00 -7.356305027269614882e+00 1.341025085887829604e+01 -7.356305027269614882e+00 8.657003598559459334e+00 -1.510731548009636827e+00 1.341025085887829604e+01 -1.510731548009636827e+00 -6.950899463147911739e+00
-1.078132702245149677e+00 -1.683091848761007014e+01 2.516519785465650916e+00 -1.683091848761007014e+01 2.559858762923288822e+01 1.914378504403594583e+00 2.516519785465650916e+00 1.914378504403594583e+00 -3.161772395728593921e+00
4.752821985860125054e+00 8.793584230638350263e+00 -3.216463259990681056e+00 8.793584230638350263e+00 8.237506103778255095e+00 -1.217248284937701364e+01 -3.216463259990681056e+00 -1.217248284937701364e+01 -7.009990678043777734e+00
1.967850329169255374e+01 -1.626665919706525187e+01 -3.236339237731199692e+00 -1.626665919706525187e+01 2.086856389495113362e+01 -3.746823965763101061e+00 -3.236339237731199692e+00 -3.746823965763101061e+00 -1.518506700842963930e+01
1.175635228301116442e+01 -6.501054765874457075e+00 -4.719493815968487382e+00 -6.501054765874457075e+00 -3.175039931923575587e+00 8.601529018269669535e+00 -4.719493815968487382e+00 8.601529018269669535e+00 -3.849606705594658340e+00
-7.895731107284397865e+00 1.147074192337420051e+01 -4.850743262905942821e+00 1.147074192337420051e+01 -2.854989934103654647e+01 -6.296998992590074451e+00 -4.850743262905942821e+00 -6.296998992590074451e+00 -1.980582925582572074e+01
6.698233187621259965e+00 -4.252404102165809441e+00 -8.919671320979349005e+00 -4.252404102165809441e+00 -2.209257582327163760e+01 1.099104509700031684e+01 -8.919671320979349005e+00 1.099104509700031684e+01 -9.216862767943428736e+00
2.693505060795582384e+00 -5.323147622577293347e+00 1.764699851878467562e+00 -5.323147622577293347e+00 1.753487595370674157e+01 -1.107327469507677975e+01 1.764699851878467562e+00 -1.107327469507677975e+01 1.380895845146352841e+01
-3.540142692753827536e+00 7.342994519329684167e+00 1.055740802164952186e+01 7.342994519329684167e+00 -1.065101766341567877e-02 1.819272574580546475e+01 1.055740802164952186e+01 1.819272574580546475e+01 7.409843341027202435e+00
2.348576062203482095e+01 2.470521159337104145e+00 -1.362334879860721770e+01 2.470521159337104145e+00 6.448675747143222559e+00 8.216218843827217455e+00 -1.362334879860721770e+01 8.216218843827217455e+00 1.451153826659430379e+00
-2.203130458572359007e+00 3.019848435616221849e+00 -1.001153774492366111e+01 3.019848435616221849e+00 -1.813988359949825480e+01 -3.646037408739192021e+00 -1.001153774492366111e+01 -3.646037408739192021e+00 -2.183956170929307561e+01
-2.203136956780039313e+01 5.734862882300786779e+00 -7.541448908882642854e+00 5.734862882300786779e+00 1.975431630947859318e+01 9.792992697264072399e-01 -7.541448908882642854e+00 9.792992697264072399e-01 9.855022399278185574e+00
9.560307403149277683e-02 -9.715485412311057445e+00 1.717403890635059716e+00 -9.715485412311057445e+00 1.286976888935760854e+01 6.965287393776965486e-01 1.717403890635059716e+00 6.965287393776965486e-01 3.571038511691138950e+00
-1.531935419732544013e+01 -1.056760128421422973e+00 1.674250742208641674e+00 -1.056760128421422973e+00 1.200026471085863733e+01 -6.457882710286233063e+00 1.674250742208641674e+00 -6.457882710286233063e+00 1.449701433982391707e+00
3.033708997580478339e+01 -4.577576479166302614e-01 1.622264948614121849e+00 -4.577576479166302614e-01 1.637055567004593826e+01 1.374200032674701433e+01 1.622264948614121849e+00 1.374200032674701433e+01 -9.636874623054344724e+00
1.291342465635103132e+01 -1.584371682786678726e+00 -1.181218918611774882e+01 -1.584371682786678726e+00 1.723535196101117961e+01 2.063092690408136320e+01 -1.181218918611774882e+01 2.063092690408136320e+01 6.819331988745799045e+00
1.382726474823905782e+01 5.778686898624929569e+00 -1.504504421740535847e+01 5.778686898624929569e+00 -1.106368634266905637e+01 1.738547028256590465e+01 -1.504504421740535847e+01 1.738547028256590465e+01 -2.502983765251033077e+01
-9.556977601855068727e+00 -6.625681424745116566e+00 -5.672321072213331483e+00 -6.625681424745116566e+00 -1.760173167642129144e+01 -7.945456805847743720e-01 -5.672321072213331483e+00 -7.945456805847743720e-01 -1.311089114546827439e+01
-6.496132063006148982e+00 -4.559020920362013563e+00 1.421194072346397608e+00 -4.559020920362013563e+00 1.450750212677832440e+00 4.585011066193988682e+00 1.421194072346397608e+00 4.585011066193988682e+00 5.511696097272468009e+00
7.718980674880295823e+00 9.676858805261248975e+00 -7.333602555771298048e-01 9.676858805261248975e+00 8.529044801594400482e+00 9.667089556812403117e+00 -7.333602555771298048e-01 9.667089556812403117e+00 -7.555840741331693700e+00
1.299301037308735296e+01 -1.341655189438752116e-02 -8.561347305596173740e+00 -1.341655189438752116e-02 -3.691844794780068639e+01 1.892127654163171968e+01 -8.561347305596173740e+00 1.892127654163171968e+01 1.371497671540435981e+01
-8.320613034377835504e+00 2.492542726104232553e+00 -2.563678717689732434e+00 2.492542726104232553e+00 1.135298940761994047e+01 -2.111059498136286461e+00 -2.563678717689732434e+00 -2.111059498136286461e+00 -1.231002411834173849e+01
-1.049909378772671964e+01 -2.018549538290674572e-01 1.372299309703279668e+01 -2.018549538290674572e-01 1.509677325758564237e+01 -6.867252395412594801e+00 1.372299309703279668e+01 -6.867252395412594801e+00 1.424533422919476600e+00
-1.196423029822184292e+00 -7.790731560460426586e+00 9.716429994146373872e+00 -7.790731560460426586e+00 8.276259304254288907e+00 -7.719480529465725382e-01 9.716429994146373872e+00 -7.719480529465725382e-01 2.576305750484073798e+01
2.902283873010246040e+01 7.394909455474181215e-01 -8.195603443629803309e+00 7.394909455474181215e-01 2.076806414118761879e+01 -7.664379616992735400e+00 -8.195603443629803309e+00 -7.664379616992735400e+00 1.805698684760575645e+01
1.584700001306768513e+01 7.955960261404314560e-01 8.053099882572519519e+00 7.955960261404314560e-01 1.167050761229498690e+01 1.467258620355128107e+00 8.053099882572519519e+00 1.467258620355128107e+00 6.786870173549706564e+00
3.214659767327437967e-01 1.907250440649882472e+00 6.581409344492929137e+00 1.907250440649882472e+00 -7.638430257827866221e+00 -5.105307802014045215e+00 6.581409344492929137e+00 -5.105307802014045215e+00 5.276432792375219449e+00
1.676421949612302953e+01 3.336061185137099816e+00 9.474940486467504641e-01 3.336061185137099816e+00 2.617289879210912940e+00 1.393396613625517588e+01 9.474940486467504641e-01 1.393396613625517588e+01 9.469440309142695966e+00
-1.035498132753639133e+01 -3.299674488595501387e+00 5.597502229970227283e+00 -3.299674488595501387e+00 1.505305933617412162e+00 3.905517241463571043e+00 5.597502229970227283e+00 3.905517241463571043e+00 1.613137584940700142e+00
1.432109277210817844e+01 -1.313081284741678623e+00 7.084939984108618027e+00 -1.313081284741678623e+00 5.095300351248147841e+00 -3.857420464408953809e+00 7.084939984108618027e+00 -3.857420464408953809e+00 -9.971529849462299477e-01
4.053995356727966737e+00 -7.216989343319189842e+00 7.390206337147429139e+00 -7.216989343319189842e+00 4.796892623436886716e+00 -3.555598479722069438e+00 7.390206337147429139e+00 -3.555598479722069438e+00 -7.129560567492167600e+00
-1.468579553008215122e+01 4.604811242677233629e+00 5.197686614076183709e+00 4.604811242677233629e+00 1.960509305504429989e+01 1.387069163094429847e+01 5.197686614076183709e+00 1.387069163094429847e+01 2.204464662612618753e+01
-3.361766930774051421e+00 7.379633560852567609e-01 5.111781633970054806e+00 7.379633560852567609e-01 -1.013580741385184680e+01 1.470193995801473363e+01 5.111781633970054806e+00 1.470193995801473363e+01 6.129781248482438549e+00
-1.058036798333000572e+00 6.819852513734267596e+00 -3.855618280855569235e+00 6.819852513734267596e+00 -1.208044324315991958e+01 3.361760817619536112e+01 -3.855618280855569235e+00 3.361760817619536112e+01 -3.197043355567189948e+01
5.089591708150827287e+00 -1.194050801333311718e+01 -1.179222364310557492e+00 -1.194050801333311718e+01 -2.486719054933033135e+01 1.099241070069358894e+00 -1.179222364310557492e+00 1.099241070069358894e+00 -7.700672862234367422e+00
6.400961858623613665e+00 -5.110302504782367805e+00 5.098908303561257682e+00 -5.110302504782367805e+00 9.432248915429397584e+00 1.417911768518617599e+01 5.098908303561257682e+00 1.417911768518617599e+01 5.484848497044729321e+00
2.037483230696653180e+01 2.479706598455687361e-01 -7.210855703503992409e+00 2.479706598455687361e-01 2.468112682172572292e+01 1.506673691377992874e+01 -7.210855703503992409e+00 1.506673691377992874e+01 2.527136615654428908e+01
2.074919172182227101e+01 -3.572181488017099227e+00 -7.348244343665924383e+00 -3.572181488017099227e+00 2.423723730490884876e+01 3.018231385891999352e+00 -7.348244343665924383e+00 3.018231385891999352e+00 6.817174012120306159e+00
-3.669445275581935118e+00 7.543472304788969574e+00 2.206828640277407771e+00 7.543472304788969574e+00 -1.611773939593350802e+00 9.895252400957229355e+00 2.206828640277407771e+00 9.895252400957229355e+00 -1.204438571927577684e+01
2.232005190470344402e+01 4.610359162288539259e-01 1.052282045683302358e-01 4.610359162288539259e-01 7.346027026338558308e+00 1.429968457038956409e+01 1.052282045683302358e-01 1.429968457038956409e+01 -3.031178541181906549e+00
5.545985687820285115e+00 -6.720866740092017011e+00 7.992820161314861949e+00 -6.720866740092017011e+00 9.656426538329089482e+00 1.830087327239336759e+00 7.992820161314861949e+00 1.830087327239336759e+00 1.083835120616480197e+01
1.158319791168739421e+01 -1.223047345334644653e+01 3.877037866022759793e+00 -1.223047345334644653e+01 1.532727765610851556e+01 1.627080390716327329e+01 3.877037866022759793e+00 1.627080390716327329e+01 3.643192417946354567e-02
-1.195743072558448361e+00 3.432338939852910720e+00 7.480882514879402256e-01 3.432338939852910720e+00 -1.118784381847752840e+01 1.863481390335197219e+01 7.480882514879402256e-01 1.863481390335197219e+01 -2.105598219878149280e+01
-5.261812033193054461e+00 -3.655945745315953399e+00 -7.598561704000326600e+00 -3.655945745315953399e+00 2.313437464145788525e+01 -8.909591638096777899e+00 -7.598561704000326600e+00 -8.909591638096777899e+00 -9.689910738499230902e+00
1.464370615572446965e+01 -3.967494793717150081e+00 5.442448278898569747e+00 -3.967494793717150081e+00 2.393027897460732589e+01 9.172397155959485460e+00 5.442448278898569747e+00 9.172397155959485460e+00 3.536268203724146186e+00
2.841237055083341190e+01 -2.543810736398600447e+00 7.923702461715357082e+00 -2.543810736398600447e+00 1.263316463073980778e+01 1.210601521104403666e+01 7.923702461715357082e+00 1.210601521104403666e+01 6.250167721484127803e+00
2.542931527228280686e+01 -6.406518486172788407e+00 1.970330280518776078e+01 -6.406518486172788407e+00 1.415291134009043184e+01 1.422947278881802724e+01 1.970330280518776078e+01 1.422947278881802724e+01 6.117554656756112763e+00
-1.603872965602544909e+01 -9.530146968726493917e-02 -1.501067447558425805e+01 -9.530146968726493917e-02 -1.024358330819508112e+01 2.126011369984112775e+00 -1.501067447558425805e+01 2.126011369984112775e+00 -2.471165372375978464e+01
2.273640131632321015e+01 3.539926526547924057e-01 6.518603758126539915e-02 3.539926526547924057e-01 -6.038313131604806649e+00 5.450789874635149079e-01 6.518603758126539915e-02 5.450789874635149079e-01 1.347587486293477532e+01
9.686504052486498040e+00 -2.723296519438994423e+00 -5.868218654211478480e+00 -2.723296519438994423e+00 -1.961962618837806360e+01 2.864102336215962108e+00 -5.868218654211478480e+00 2.864102336215962108e+00 -1.205944936758729114e+01
-1.905978444196201949e+01 -6.819739927643771793e+00 6.831199560049102004e+00 -6.819739927643771793e+00 2.231250428934129815e+01 9.967365842911062312e-01 6.831199560049102004e+00 9.967365842911062312e-01 2.142701464617409002e+01
8.240224557632375380e+00 5.063457325616883553e-01 2.602652298831907629e+00 5.063457325616883553e-01 2.242207609296979598e+01 1.522334412569428608e+01 2.602652298831907629e+00 1.522334412569428608e+01 -3.483160167883949665e+00
-6.436902482866827313e+00 -1.031295982941536948e+01 -5.755953707948989084e+00 -1.031295982941536948e+01 1.335734468279069986e+01 -6.844586732709471377e+00 -5.755953707948989084e+00 -6.844586732709471377e+00 2.863339083738219326e+00
1.507714105189167952e+01 -1.107681838709049904e+00 -1.063469205751354618e+00 -1.107681838709049904e+00 3.541253938840630866e+01 1.235520264066743934e+01 -1.063469205751354618e+00 1.235520264066743934e+01 1.025001228303915157e+00
1.215595116580535695e+01 -1.119853259952082780e+01 1.280498768647989749e+01 -1.119853259952082780e+01 1.428053086824944451e+01 1.521701744673340784e+01 1.280498768647989749e+01 1.521701744673340784e+01 -3.811177125719266812e+00
1.504624267532224113e+00 -4.917068417862872742e+00 -4.977962758217354455e+00 -4.917068417862872742e+00 -2.486434846390447984e+00 1.017335949061707723e+01 -4.977962758217354455e+00 1.017335949061707723e+01 1.371309016384750024e+01
1.184780095963680324e+01 -7.269428794848671771e+00 5.179478175473044566e+00 -7.269428794848671771e+00 -1.786777782044631380e+01 1.771191514070329731e+01 5.179478175473044566e+00 1.771191514070329731e+01 -4.147316280323935622e+00
1.095379351722798233e+01 -4.430309253018504201e+00 5.830210938883468863e-01 -4.430309253018504201e+00 1.337923954617131628e+01 -7.977280754130102736e+00 5.830210938883468863e-01 -7.977280754130102736e+00 2.167382341340757890e+01
6.078849852486476024e+00 -1.385219294504377885e+01 -4.176125476688780758e+00 -1.385219294504377885e+01 1.375816688454577452e+01 -2.249265058665084638e+00 -4.176125476688780758e+00 -2.249265058665084638e+00 -1.366900802155780603e+01
-4.346601882478327461e+00 -1.100123663738649427e+01 -1.472121453388906076e+01 -1.100123663738649427e+01 5.754312738977547248e+00 -2.159307370639211410e+00 -1.472121453388906076e+01 -2.159307370639211410e+00 -6.335479305511151349e-01
-1.049222572566826805e+01 -6.836768966295538874e+00 8.025563646064583168e+00 -6.836768966295538874e+00 8.603855914232866553e+00 4.849240552566455698e+00 8.025563646064583168e+00 4.849240552566455698e+00 -7.044120359501611972e+00
1.253705162193278966e+01 2.579061195167326126e+00 2.743046568007851072e+00 2.579061195167326126e+00 5.619473885364564048e+00 -7.233792447638096590e+00 2.743046568007851072e+00 -7.233792447638096590e+00 -7.588191552685333185e+00
-2.467390510951017912e+00 -3.601009785491464221e+00 -6.310615109455577354e+00 -3.601009785491464221e+00 2.555317731298441331e+01 2.120276406672461889e+01 -6.310615109455577354e+00 2.120276406672461889e+01 -9.823082179693734872e+00
4.260538584222131497e+00 6.193103626222175251e+00 1.276524166093244084e+01 6.193103626222175251e+00 5.422385278088182936e+00 3.268144635952161092e+00 1.276524166093244084e+01 3.268144635952161092e+00 -6.885244301634523723e+00
9.042276311097872110e+00 -7.951459765871856433e+00 -5.154881179601314756e+00 -7.951459765871856433e+00 -1.153814323339205306e+00 8.523349953880297036e+00 -5.154881179601314756e+00 8.523349953880297036e+00 2.475756919410662960e+01
5.594704684143912310e+00 2.259226043532337691e+00 -3.413386915839377034e-01 2.259226043532337691e+00 3.119234989648246881e+01 5.973895753664534070e+00 -3.413386915839377034e-01 5.973895753664534070e+00 -1.358979028193511951e+01
-1.637606531090587580e+01 -1.491599954553233687e+00 -6.603476957742463682e+00 -1.491599954553233687e+00 -1.260894593180394629e+01 1.358753028653607053e+01 -6.603476957742463682e+00 1.358753028653607053e+01 -1.674012936050408795e+00
1.604505332200760748e+01 4.962943617352316927e+00 -4.106434517656488481e+00 4.962943617352316927e+00 1.006066390346695982e+00 1.831738955790250145e+01 -4.106434517656488481e+00 1.831738955790250145e+01 -4.596332440301712730e+00
1.621853340248420317e+00 4.252070254306330455e+00 -7.514615839301757028e+00 4.252070254306330455e+00 -6.368155559119619724e+00 4.126824726719031666e+00 -7.514615839301757028e+00 4.126824726719031666e+00 3.445702425555927650e+00
7.723697959922287692e-01 8.047103917718219535e+00 -9.058798158129947709e+00 8.047103917718219535e+00 8.826917684682069165e+00 1.015376802610683171e+01 -9.058798158129947709e+00 1.015376802610683171e+01 -1.886299527506746543e+01
2.398304968030987805e+00 2.960981335590943786e+00 -1.706831874696688844e+00 2.960981335590943786e+00 1.487714030450776725e+01 -1.423498341308520487e+01 -1.706831874696688844e+00 -1.423498341308520487e+01 -1.200946974970721781e+00
-1.290095253851031076e+00 -4.542281389225355070e+00 1.722751604210637888e+00 -4.542281389225355070e+00 1.111778065966794671e+01 1.108523975050042587e+01 1.722751604210637888e+00 1.108523975050042587e+01 1.547943994252032773e+01
-2.302079900818218228e+00 -4.372362224927672791e+00 -2.169237850852538063e+00 -4.372362224927672791e+00 1.163766884047416994e+01 1.896688126306411704e+01 -2.169237850852538063e+00 1.896688126306411704e+01 1.132413100167310738e+01
7.771193452221084819e+00 -4.103555657826676750e+00 9.921444487826722280e+00 -4.103555657826676750e+00 2.326168166659497061e+01 -9.054376450887170691e+00 9.921444487826722280e+00 -9.054376450887170691e+00 -1.340643081320371088e+01
1.576858121099225407e+01 -4.608431899703332668e+00 1.002907153356806447e+01 -4.608431899703332668e+00 -2.103268970802174564e+00 5.542069712850569374e+00 1.002907153356806447e+01 5.542069712850569374e+00 4.702372242585497020e+00
8.660751597223875109e+00 -1.196425754013945131e+00 -1.465949571041169186e+01 -1.196425754013945131e+00 -2.168135797497586026e+01 7.874175818205106481e+00 -1.465949571041169186e+01 7.874175818205106481e+00 -4.003811417094546243e+00
1.210354083252018853e+01 7.927658727553192897e+00 -2.883516700316237635e+00 7.927658727553192897e+00 5.504014740536868011e+00 1.138370203662864100e+01 -2.883516700316237635e+00 1.138370203662864100e+01 1.498016159928329039e+01
-5.030131161455883237e+00 7.520819870657152073e+00 5.076329123441126967e+00 7.520819870657152073e+00 -2.098795913264398239e-01 -7.195375493827681268e+00 5.076329123441126967e+00 -7.195375493827681268e+00 -1.278948689109319226e+01
2.325717807276504345e+00 1.255054749211418352e+00 5.351683514475594095e+00 1.255054749211418352e+00 1.178041151800291253e+01 9.621736511198209385e+00 5.351683514475594095e+00 9.621736511198209385e+00 -6.583335806965910031e+00
6.357429163255887694e+00 -2.650716363505324580e+00 7.770249130700269014e+00 -2.650716363505324580e+00 1.340357187106980241e+01 1.061639084928416743e+00 7.770249130700269014e+00 1.061639084928416743e+00 1.844238883929139661e+01
1.674361982489305944e+01 5.666613384981927126e+00 1.072374470639700661e+01 5.666613384981927126e+00 3.127158715705485292e+01 -1.320555546320308515e+01 1.072374470639700661e+01 -1.320555546320308515e+01 7.867425598512344465e+00
-5.450289412430792124e-01 -1.151467340226644609e+01 9.241925289053565251e+00 -1.151467340226644609e+01 9.146575194860103508e+00 6.397559472129373148e+00 9.241925289053565251e+00 6.397559472129373148e+00 -1.018649621601513999e+01
1.025374814740036911e+01 1.313243007347544733e+01 -1.512830082310723512e+01 1.313243007347544733e+01 -8.284117578533294335e+00 1.530434945140465075e+00 -1.512830082310723512e+01 1.530434945140465075e+00 2.053222227739694361e+01
1.626470311752328257e+01 4.915039903059635229e+00 3.993356041012456004e+00 4.915039903059635229e+00 1.409972338882379184e+01 -6.828185647660061086e+00 3.993356041012456004e+00 -6.828185647660061086e+00 3.195424897528361452e+00
4.153709955986549796e-01 -1.744409518805854731e+01 1.441065559893217340e+01 -1.744409518805854731e+01 -4.964758371050477792e-01 2.446339527821632220e+00 1.441065559893217340e+01 2.446339527821632220e+00 -1.553334797397766387e+01
2.516934995181521018e+01 1.008902388878918810e+00 4.930941295050566553e-01 1.008902388878918810e+00 6.842638813662531128e+00 2.507972893256316116e+00 4.930941295050566553e-01 2.507972893256316116e+00 1.970035274292567973e+00
3.889309675753854112e+00 -7.906826202811775950e+00 1.029308041652103078e+01 -7.906826202811775950e+00 1.590554175367301326e+01 -1.816255258790500537e+00 1.029308041652103078e+01 -1.816255258790500537e+00 -3.407093337830968949e+01
-1.499129535508117783e+01 -1.959387002246133269e+00 -1.286651452122937833e+01 -1.959387002246133269e+00 2.961804034960015208e+00 5.869269945473573280e+00 -1.286651452122937833e+01 5.869269945473573280e+00 1.948999144212093171e+01
1.265861758052669472e+01 -4.193193980300184975e+00 -6.295785750974983941e+00 -4.193193980300184975e+00 1.506771137526453153e+01 -9.920449621802107654e-01 -6.295785750974983941e+00 -9.920449621802107654e-01 -3.650432667538799358e-01
-4.515668983391552871e+00 8.097039789741023341e+00 -2.572018993573760515e+00 8.097039789741023341e+00 1.319421743539304792e+01 1.230880930174451038e+01 -2.572018993573760515e+00 1.230880930174451038e+01 -9.440944023212036740e+00
-1.055222186862784461e+01 -7.707748608770716103e+00 3.979395580891239792e+00 -7.707748608770716103e+00 -7.221581726563607972e+00 -6.317501812919807946e+00 3.979395580891239792e+00 -6.317501812919807946e+00 1.518956962571024683e+01
1.051752252859336245e+01 -1.688317218415289700e+00 2.020427809826262688e+00 -1.688317218415289700e+00 2.337680500032434239e+01 7.945725549328810366e+00 2.020427809826262688e+00 7.945725549328810366e+00 -5.090071042156890435e+00
-5.034357352526317442e+00 -5.002254347125765221e+00 4.446602379397559979e+00 -5.002254347125765221e+00 1.403950969370018775e+01 2.103327059553350509e+01 4.446602379397559979e+00 2.103327059553350509e+01 1.843812939459375499e+01
-2.257045363542622951e+01 -1.396347195185478410e-02 -1.182998132403448288e+01 -1.396347195185478410e-02 -1.369212563496373214e+01 5.206063017290705197e+00 -1.182998132403448288e+01 5.206063017290705197e+00 -1.897259897001034901e+01
-1.800607744712897684e+01 -7.164172902347744731e+00 5.224866291791815165e+00 -7.164172902347744731e+00 1.073404927763343508e+01 2.058404300844192392e+01 5.224866291791815165e+00 2.058404300844192392e+01 -5.113356073164603277e-01
-1.268527842142670536e+01 -4.708361404812333895e+00 -5.734344670221122264e+00 -4.708361404812333895e+00 -1.256922129774395458e+01 -1.217527565582422611e+01 -5.734344670221122264e+00 -1.217527565582422611e+01 1.633174739030317824e+01
1.708991915220682500e+01 4.774794308873035575e+00 -1.081623530940035138e+01 4.774794308873035575e+00 2.072620841661867530e+01 9.560485044993992432e+00 -1.081623530940035138e+01 9.560485044993992432e+00 2.506719212152422216e+01
4.674110222211387722e+00 -3.544853024627049543e+00 1.054471290410646134e+01 -3.544853024627049543e+00 4.980587754933448963e+00 7.376965656873776922e+00 1.054471290410646134e+01 7.376965656873776922e+00 -9.277258549896222561e+00
