1.234383224907338104e+02 1.388603283727067073e+01 5.546616199269710279e+00 1.388603283727067073e+01 9.128651038599113576e+01 9.700557974806555350e+00 5.546616199269710279e+00 9.700557974806555350e+00 1.029098420753324064e+02
1.401380691844645412e+02 -2.726561230096371968e+00 -1.324866596307331434e+01 -2.726561230096371968e+00 1.091372241852770060e+02 -5.518747063469476855e-01 -1.324866596307331434e+01 -5.518747063469476855e-01 1.400429367032725168e+02
1.541604906236428860e+02 1.889583009474988984e+01 -9.997016185015798584e+00 1.889583009474988984e+01 1.094475449619433931e+02 -5.178868187008832891e+00 -9.997016185015798584e+00 -5.178868187008832891e+00 1.074268907833536417e+02
1.189579780813337635e+02 -1.687663438459944132e+01 -7.554555913029092906e+00 -1.687663438459944132e+01 1.339782754397272697e+02 2.358816680536474664e+01 -7.554555913029092906e+00 2.358816680536474664e+01 1.220401975520095164e+02
7.876218254569933208e+01 -7.218292443743933084e+00 -1.501383720109345399e+00 -7.218292443743933084e+00 9.837031520718225863e+01 1.306158983202509027e+01 -1.501383720109345399e+00 1.306158983202509027e+01 9.929806488446686785e+01
7.672893270437828050e+01 7.978728655042943707e+00 -5.332118251042314405e+00 7.978728655042943707e+00 5.830521872818539464e+01 1.709441766936926399e+00 -5.332118251042314405e+00 1.709441766936926399e+00 6.202007294494573131e+01
7.679500551872536107e+01 8.677406510385766936e+00 -1.507842668704421207e+01 8.677406510385766936e+00 8.327347048263865759e+01 1.956788475920218096e+00 -1.507842668704421207e+01 1.956788475920218096e+00 8.541888782066301644e+01
1.286906694859647757e+02 -4.619427644581848291e+00 3.171797892351176262e+00 -4.619427644581848291e+00 1.000810020630150206e+02 -3.992482391376282469e-01 3.171797892351176262e+00 -3.992482391376282469e-01 1.309829101733780590e+02
1.475667948410471979e+02 -2.208602390403749283e+01 -1.273851388008541008e+01 -2.208602390403749283e+01 1.208468402612148793e+02 1.221592154419528242e+01 -1.273851388008541008e+01 1.221592154419528242e+01 1.172149013498705585e+02
7.705323760233621044e+01 -1.989042056228182176e+01 -2.341200559355435118e+01 -1.989042056228182176e+01 1.243159925125800811e+02 5.105884654710557413e+00 -2.341200559355435118e+01 5.105884654710557413e+00 9.067441520163141888e+01
1.589627555352463730e+02 1.642363348600838791e+01 -1.092108491524055225e+01 1.642363348600838791e+01 1.497119363858573990e+02 -1.137135315312030492e+01 -1.092108491524055225e+01 -1.137135315312030492e+01 1.672129775968583658e+02
1.396513097029929895e+02 2.931239510630828438e+00 7.037980902300758679e+00 2.931239510630828438e+00 1.363192735489016627e+02 -5.911777907173019209e+00 7.037980902300758679e+00 -5.911777907173019209e+00 1.603659191685045187e+02
1.446450663712755045e+02 -2.158612984846743021e+00 -4.124593451845686154e+00 -2.158612984846743021e+00 1.158711340998845145e+02 3.292469602680516694e-01 -4.124593451845686154e+00 3.292469602680516694e-01 1.341573878528850230e+02
1.058995305467031613e+02 -9.931517767426095489e+00 -5.505145814033767238e+00 -9.931517767426095489e+00 1.070484072168003991e+02 2.338545682130077186e+00 -5.505145814033767238e+00 2.338545682130077186e+00 9.755154137641135037e+01
7.955586326396712593e+01 -3.632954465464523608e+00 -1.129424353763928224e+01 -3.632954465464523608e+00 8.042384495157357094e+01 1.280025598788042451e+01 -1.129424353763928224e+01 1.280025598788042451e+01 6.847677652753618815e+01
9.106223061128078200e+01 1.795251435575143617e+01 4.653374585951222109e+00 1.795251435575143617e+01 5.396048407375553069e+01 -1.920197716794003640e+01 4.653374585951222109e+00 -1.920197716794003640e+01 9.967956747457688493e+01
1.071478035700409919e+02 2.047138534670458920e+00 -3.688494837947628113e+00 2.047138534670458920e+00 1.088957580591172274e+02 5.274894488284300742e+00 -3.688494837947628113e+00 5.274894488284300742e+00 1.052165426017729857e+02
1.015692260455340517e+02 -6.430987756036809166e+00 3.716585149998571591e+00 -6.430987756036809166e+00 1.154524485520235118e+02 -1.096573874910833268e+01 3.716585149998571591e+00 -1.096573874910833268e+01 1.152459742677649643e+02
9.459674151755550042e+01 7.203353558160405790e+00 -5.039961687242380250e+00 7.203353558160405790e+00 8.201705684440013044e+01 9.071981031305059062e+00 -5.039961687242380250e+00 9.071981031305059062e+00 9.504244317238998008e+01
1.422600407954679440e+02 -1.867241024338786026e+00 -8.802366467579775033e+00 -1.867241024338786026e+00 1.397679105845950573e+02 3.492769036994191278e+00 -8.802366467579775033e+00 3.492769036994191278e+00 1.308032931709756213e+02
7.163303074439194518e+01 4.016839256582404261e+00 -5.753655961232357008e+00 4.016839256582404261e+00 1.063724906100599128e+02 6.895174616728051653e+00 -5.753655961232357008e+00 6.895174616728051653e+00 7.803516905100643442e+01
1.056020161557603245e+02 -1.466659903575541435e+01 -4.981526695019010020e+00 -1.466659903575541435e+01 1.115904142419098832e+02 1.052384903996103560e+01 -4.981526695019010020e+00 1.052384903996103560e+01 1.029566297962613675e+02
1.193775815776812692e+02 5.199732692048308458e+00 3.943956636153498785e+00 5.199732692048308458e+00 9.807630720766395882e+01 -2.579731961058839285e-01 3.943956636153498785e+00 -2.579731961058839285e-01 1.212530561216000393e+02
1.050551527688772353e+02 -2.171811704265126508e+01 8.787458274122004198e-01 -2.171811704265126508e+01 1.181410552769808504e+02 -7.426589424131981865e+00 8.787458274122004198e-01 -7.426589424131981865e+00 1.062971330920640298e+02
1.164631547365195416e+02 -1.336049048536917105e+01 3.627628602142254355e+00 -1.336049048536917105e+01 1.043637870440790607e+02 -1.082187258426349441e+00 3.627628602142254355e+00 -1.082187258426349441e+00 1.085977523068665960e+02
1.469183901764048983e+02 1.813245590645198391e+01 3.437354723687369606e+00 1.813245590645198391e+01 1.489137672423297829e+02 7.113633000101605930e+00 3.437354723687369606e+00 7.113633000101605930e+00 1.327095133524684911e+02
1.072547072665680332e+02 1.289947768109589532e+01 4.601044776635331068e+00 1.289947768109589532e+01 1.087224028137529785e+02 -5.740166922131249017e-01 4.601044776635331068e+00 -5.740166922131249017e-01 1.012241755328449102e+02
1.058515306864020005e+02 5.631639618298112104e+00 4.808768329816511589e+00 5.631639618298112104e+00 6.616236083593925343e+01 -1.938407647106891574e+01 4.808768329816511589e+00 -1.938407647106891574e+01 6.489862430950573469e+01
1.072535093227440228e+02 -9.219909255771083778e+00 -6.606451571835688874e+00 -9.219909255771083778e+00 1.041267746981775275e+02 2.153994065439268635e+00 -6.606451571835688874e+00 2.153994065439268635e+00 1.313893592698046859e+02
7.535851242900483271e+01 -1.591303201558479818e+00 -1.751282690447488744e+00 -1.591303201558479818e+00 1.229870523539425591e+02 -6.467075115345145342e+00 -1.751282690447488744e+00 -6.467075115345145342e+00 7.739614187451810778e+01
1.493146640102383742e+02 7.421898088530304527e+00 2.692646124913430228e+01 7.421898088530304527e+00 1.462081240599976866e+02 -1.004940200245203563e+01 2.692646124913430228e+01 -1.004940200245203563e+01 1.434837502757507366e+02
1.174515927370793094e+02 -2.564896798428722136e+01 -5.407124338201426461e+00 -2.564896798428722136e+01 1.151278431428930844e+02 9.453140400200581439e+00 -5.407124338201426461e+00 9.453140400200581439e+00 1.008974554877526799e+02
1.360386081681317592e+02 3.849437087909509447e+00 1.652551777947747769e-01 3.849437087909509447e+00 1.091108437488225320e+02 -1.203575906011514896e+01 1.652551777947747769e-01 -1.203575906011514896e+01 1.240669203993244736e+02
1.208575584210273064e+02 -7.607432305882487533e+00 1.744295428568548800e+00 -7.607432305882487533e+00 1.087465526632628041e+02 -4.613156802277436519e+00 1.744295428568548800e+00 -4.613156802277436519e+00 1.419906541079685951e+02
8.698302077583518610e+01 6.109615728472810758e+00 -2.617462708960471574e+01 6.109615728472810758e+00 1.121652238130201482e+02 9.332943982877226929e+00 -2.617462708960471574e+01 9.332943982877226929e+00 9.875547092430745977e+01
1.220815556296673918e+02 1.154776688134648488e+01 1.193520523792836130e+01 1.154776688134648488e+01 1.185308746262339668e+02 -1.006165269163620479e+00 1.193520523792836130e+01 -1.006165269163620479e+00 1.217699287231582019e+02
