-6.988274990973442868e+01 -6.460898609163541195e+00 3.376502467275854968e+01 -6.460898609163541195e+00 -5.851058572805341385e+01 1.504088957936226478e+01 3.376502467275854968e+01 1.504088957936226478e+01 -1.092505857300654526e+02
-6.877489771356479764e+01 3.661285676412236256e+01 6.247801431983926790e+00 3.661285676412236256e+01 -6.951817975700032548e+01 -8.503336303386420880e+00 6.247801431983926790e+00 -8.503336303386420880e+00 -6.717384419587311584e+01
3.638879171937792734e+01 4.610052315776575682e+01 -4.390266105954466269e+01 4.610052315776575682e+01 -6.611009708879291225e+01 2.577669124945865420e+01 -4.390266105954466269e+01 2.577669124945865420e+01 -6.319280383943968360e+01
-5.196745414192760393e+01 8.143174226347820621e+00 3.012192052427631950e+01 8.143174226347820621e+00 3.669139806388783853e+01 6.944696517931625124e+01 3.012192052427631950e+01 6.944696517931625124e+01 -6.305111398610816309e+01
-6.740650247720571997e+01 3.924325586433055690e+01 -2.981772227615610404e+01 3.924325586433055690e+01 -6.912228063338349671e+01 -1.433913287150709692e+01 -2.981772227615610404e+01 -1.433913287150709692e+01 -2.223802137144178204e+01
-4.804419051193048773e+01 6.089308917633883489e+00 3.282947738689841799e+00 6.089308917633883489e+00 -3.514360683224706605e+01 9.872459466413106455e+00 3.282947738689841799e+00 9.872459466413106455e+00 -5.274882192218314714e+01
-5.101018500953451706e+01 -7.170054677768556317e+00 -1.708048618249687456e+00 -7.170054677768556317e+00 -2.931452214094994702e+01 4.666606175484964325e+01 -1.708048618249687456e+00 4.666606175484964325e+01 -2.466548683992182944e+01
-1.013984768222548638e+01 1.893696155672352788e+01 1.061154563989727428e+01 1.893696155672352788e+01 -1.012769815965720852e+02 -6.059479185284421732e+01 1.061154563989727428e+01 -6.059479185284421732e+01 -1.013330099384551914e+02
-5.574446552029245794e+01 1.062854202962039984e+01 1.443047138011669794e+01 1.062854202962039984e+01 -1.133404098538683371e+02 -1.511292537982562756e+01 1.443047138011669794e+01 -1.511292537982562756e+01 -9.457004743564998250e+01
-9.833459975116078056e+01 -2.452948199507576632e+01 -2.230786948713431173e+01 -2.452948199507576632e+01 -8.638736094361767925e+01 2.169686676184352958e+00 -2.230786948713431173e+01 2.169686676184352958e+00 -4.396313938053008030e+01
-4.660222502660242583e+01 1.788198774427053328e-01 5.821622538052455553e+00 1.788198774427053328e-01 -6.952815531144104000e+01 -1.287217986541723391e+01 5.821622538052455553e+00 -1.287217986541723391e+01 -8.118637992880375975e+01
-5.959761195319889993e+01 -9.865636545475130248e+00 2.930416148006530008e+01 -9.865636545475130248e+00 -1.507330726369941054e+01 -1.863499171323737258e+01 2.930416148006530008e+01 -1.863499171323737258e+01 -9.552918182179610085e+01
-1.572204554753682793e+01 -2.861388128475442549e+00 -5.534461836231771237e+00 -2.861388128475442549e+00 -1.135238274435751471e+01 -1.873978327683309963e+00 -5.534461836231771237e+00 -1.873978327683309963e+00 -7.938129189862939938e+01
-1.767442090419566736e-01 -1.843715229519445131e+01 -1.398270261808486481e+01 -1.843715229519445131e+01 -6.348599355166795277e+01 -8.308479421783923513e+00 -1.398270261808486481e+01 -8.308479421783923513e+00 -7.152167686553617898e+01
-6.324247226403225852e+01 -1.896006926971385909e+01 -1.012190271807278741e+01 -1.896006926971385909e+01 -1.111351124028940660e+02 -6.188092041986227976e+00 -1.012190271807278741e+01 -6.188092041986227976e+00 -7.892117991577743297e+00
-7.352626066095210433e+01 -2.396287169252735438e+01 -1.844887780583658454e+01 -2.396287169252735438e+01 2.913323687732377465e+01 -1.016933023417311333e+01 -1.844887780583658454e+01 -1.016933023417311333e+01 -2.081478222716839355e+01
-1.063145357763324910e+02 3.223633541023713178e+01 -7.370176486511996750e+00 3.223633541023713178e+01 -5.869290989159926397e+01 -1.193103716378469770e+01 -7.370176486511996750e+00 -1.193103716378469770e+01 -7.029022846701248284e+01
-1.155177218786077731e+02 -1.603775862555174925e+01 -1.804492445789841071e+01 -1.603775862555174925e+01 -3.041284748566357266e+01 -1.206498798039527642e+01 -1.804492445789841071e+01 -1.206498798039527642e+01 -2.448444571864427211e+00
-5.420933502319586239e+01 9.489272918088326847e+00 3.461974088241428937e+00 9.489272918088326847e+00 -9.344350249541925280e+01 1.341884330752287013e+01 3.461974088241428937e+00 1.341884330752287013e+01 -4.953067094528002201e+01
-5.318558507212823372e+01 1.963716914449533135e+01 -1.671626664675188323e+01 1.963716914449533135e+01 -5.751832365810978587e+01 3.978021987528897796e+01 -1.671626664675188323e+01 3.978021987528897796e+01 -7.233320635621166161e+01
-9.472155677610213331e+01 -7.902599141052912834e+00 -3.269829774402300160e+01 -7.902599141052912834e+00 -6.668526622445297392e+01 -1.039087455007968508e+01 -3.269829774402300160e+01 -1.039087455007968508e+01 -1.429814602076453411e+02
-2.176936788850222726e+01 3.712781403017053350e+01 1.632386496362340367e+01 3.712781403017053350e+01 -2.265744244332939417e+01 -7.023064018662401153e+00 1.632386496362340367e+01 -7.023064018662401153e+00 -2.930016885301738228e+01
-5.026269189504328239e+01 2.305427975077783742e+01 -5.590922327386778967e+00 2.305427975077783742e+01 -4.103839744870784045e+01 2.178968379606310624e+00 -5.590922327386778967e+00 2.178968379606310624e+00 1.032753894753994039e+01
-3.791074943190697155e+01 -5.267083665395355041e+01 -3.196831683277850278e+00 -5.267083665395355041e+01 -4.676085999216859790e+01 -6.212152541806264416e+00 -3.196831683277850278e+00 -6.212152541806264416e+00 -1.018401886277549409e+02
-8.189640003897235943e+01 2.940962793754896509e+01 8.132659347554596962e+00 2.940962793754896509e+01 -5.044539878897107599e+01 -1.103343322044596597e+01 8.132659347554596962e+00 -1.103343322044596597e+01 -6.629622070750990304e+00
-3.075457419787321456e+01 -1.644060745039028859e+01 1.385633767544216610e+01 -1.644060745039028859e+01 -4.021753499081667371e+01 -4.462507146722784768e+01 1.385633767544216610e+01 -4.462507146722784768e+01 1.883400460203064952e+01
-5.671624572367031192e+01 -1.937503359526489533e+01 1.232559221289573159e+01 -1.937503359526489533e+01 -6.487857334247816254e+01 9.746787365332361119e+00 1.232559221289573159e+01 9.746787365332361119e+00 -1.315478304186852085e+02
-9.092475038123359354e+01 -8.467065107535501900e-01 6.023156193992739382e+00 -8.467065107535501900e-01 -8.985470588890271060e+00 -3.952214172735344988e+01 6.023156193992739382e+00 -3.952214172735344988e+01 -3.077216438559846523e+01
-8.518468885568360349e+01 -3.160975197891168520e+01 -8.028804998382067737e+00 -3.160975197891168520e+01 4.457908826866672669e+00 -6.058289563563277191e+00 -8.028804998382067737e+00 -6.058289563563277191e+00 -1.108053447523159321e+02
-6.862286354067242655e+01 -1.166768873014434682e+01 -2.619044320348071153e+01 -1.166768873014434682e+01 -7.023053540791308080e+01 -1.679138150646683769e+01 -2.619044320348071153e+01 -1.679138150646683769e+01 -9.356752947206726390e+01
-3.486432968593420156e+01 2.129536912211383992e+01 -2.406133177515221178e+01 2.129536912211383992e+01 -5.211081784754128421e+01 1.647174863980279369e+01 -2.406133177515221178e+01 1.647174863980279369e+01 -3.202272981743998770e+01
-1.668125323925249859e+01 1.345116125637368576e+01 3.380159485413643239e+01 1.345116125637368576e+01 -3.024205286758687272e+00 -3.079658280706828677e+01 3.380159485413643239e+01 -3.079658280706828677e+01 -2.203847908727318483e+01
-7.976340176207752108e+01 2.353348458384274533e+00 -3.570374300776594900e+00 2.353348458384274533e+00 -5.254249839580898396e+01 -3.072870935510482227e+01 -3.570374300776594900e+00 -3.072870935510482227e+01 -1.033895258334834324e+02
-1.085291768338508405e+02 -1.538085700634207598e+01 1.321756830391021786e+01 -1.538085700634207598e+01 -1.399428733279682433e+02 1.610242123918724033e+01 1.321756830391021786e+01 1.610242123918724033e+01 -1.529666894980236407e+02
-1.813607335226035033e+01 3.738252275277164927e+01 1.441923072798040328e+00 3.738252275277164927e+01 -1.929797093946502429e+01 -1.332799899894067508e+01 1.441923072798040328e+00 -1.332799899894067508e+01 -7.001104807096547233e+01
-8.866405781493977400e+00 -3.545332792707873182e+01 4.650192627686613317e-02 -3.545332792707873182e+01 -4.713309848474883879e+00 1.282647564516259830e+00 4.650192627686613317e-02 1.282647564516259830e+00 -6.374291136643724087e+01
-3.631261125286007285e+01 2.524496685366851789e+00 2.665109142989542335e+01 2.524496685366851789e+00 -9.284043066597733684e+01 -5.095998439385170720e+00 2.665109142989542335e+01 -5.095998439385170720e+00 -1.003762033465065429e+02
-1.264059354029878506e+02 -1.118087263140864707e+01 1.060349798910093888e+01 -1.118087263140864707e+01 -9.165451039277013479e+01 3.607883892720405328e+01 1.060349798910093888e+01 3.607883892720405328e+01 -1.182204266148458771e+02
-1.127250291888820088e+00 -1.783780550111992724e+01 -2.710854942210075791e+01 -1.783780550111992724e+01 -4.394978922580512659e+01 -3.111672104280526341e+01 -2.710854942210075791e+01 -3.111672104280526341e+01 -2.468605660429228621e+01
-1.393953884862090931e+01 3.718086151230120429e+00 -4.422724528893579787e+01 3.718086151230120429e+00 -1.181953720047254741e+01 9.922202699255923131e-01 -4.422724528893579787e+01 9.922202699255923131e-01 -6.422784367024561902e+01
-7.173642559885733760e+01 2.020843080071752951e+01 -2.142422262067269401e+01 2.020843080071752951e+01 -1.567008268703633433e+01 2.784544452115047619e+01 -2.142422262067269401e+01 2.784544452115047619e+01 -1.388920052619584489e+01
-3.213501695721507190e+01 3.160519758253455791e+01 7.269901098296662312e+00 3.160519758253455791e+01 -1.011376606533019640e+02 1.499823786197046482e+00 7.269901098296662312e+00 1.499823786197046482e+00 -5.659833518866037849e+01
-4.014082860462963964e+01 1.503512292380463355e+00 -2.297514230726226359e+01 1.503512292380463355e+00 -6.825925201959628907e+01 5.497326801140665076e+00 -2.297514230726226359e+01 5.497326801140665076e+00 -1.430144276420401468e+02
-9.111692669323603866e+01 -1.241651901777492384e+01 2.512555766377204591e+01 -1.241651901777492384e+01 -7.968366263049176723e+01 2.833227057265784765e+01 2.512555766377204591e+01 2.833227057265784765e+01 -5.677778965598299976e+01
-8.746526173916940650e+00 8.512754254804040244e+00 -3.324778642419703889e+00 8.512754254804040244e+00 -7.154583957315605858e+01 3.247309692328111907e+01 -3.324778642419703889e+00 3.247309692328111907e+01 -2.862030585532708571e+01
-7.397927719171859451e+01 -1.043344655860474468e+01 -5.640577089028813162e+00 -1.043344655860474468e+01 -1.313382576871159699e+02 2.251258108895736854e+01 -5.640577089028813162e+00 2.251258108895736854e+01 -1.372337757705228967e+02
-6.793661851850292521e+01 -4.879342868087962160e+01 1.253052930637251983e+01 -4.879342868087962160e+01 -5.736636405106779080e+01 -3.590956252102381541e+01 1.253052930637251983e+01 -3.590956252102381541e+01 -5.691781548298601479e+01
1.543337184905848147e+01 -1.028442466376845488e+01 -1.066981110799012100e+01 -1.028442466376845488e+01 -5.012159625875425206e+01 2.259714916185993161e+01 -1.066981110799012100e+01 2.259714916185993161e+01 4.541987997806068478e+01
-3.576057717742416742e+01 2.392679112486901616e+01 8.263522120794432269e+00 2.392679112486901616e+01 -9.655944461126276224e+01 2.751839660838656165e+00 8.263522120794432269e+00 2.751839660838656165e+00 -1.142080646241013540e+02
2.498840789225748260e+00 8.559403376441984790e+00 -2.637221998411308732e+01 8.559403376441984790e+00 1.111375399024001887e+01 2.930797692860835024e+00 -2.637221998411308732e+01 2.930797692860835024e+00 -5.518094004469678282e+01
-2.921385767940710210e+01 -3.861987293133098120e+01 7.375169594622456692e+00 -3.861987293133098120e+01 1.834771955932632759e+00 -3.002093555418874971e+01 7.375169594622456692e+00 -3.002093555418874971e+01 -3.024916842303956344e+01
-6.432520028682247926e+01 2.230651343296612653e-03 3.233980837765665228e+01 2.230651343296612653e-03 -3.846238632833872373e+01 3.347771239432250301e+00 3.233980837765665228e+01 3.347771239432250301e+00 -8.329448564633548813e+01
-8.292044689840253113e+01 3.646240704948198186e+01 -1.357297778915517306e+01 3.646240704948198186e+01 -8.415388647674430445e+01 -2.325251696261717171e+01 -1.357297778915517306e+01 -2.325251696261717171e+01 -4.930103807858100140e+01
-5.770173319046300264e+01 -4.738476123237795434e+00 2.352929282940078437e+01 -4.738476123237795434e+00 -7.671510113160077537e+01 -3.777418967691400553e+01 2.352929282940078437e+01 -3.777418967691400553e+01 -2.931526620225454494e+01
-2.130845733060581892e+01 -1.227946274483979039e+01 4.364517761167486576e+00 -1.227946274483979039e+01 -1.854194577560733492e+01 -7.915700539777181355e+00 4.364517761167486576e+00 -7.915700539777181355e+00 -3.067432225321217132e+01
-7.343478994419645289e+01 6.343798428207288786e+00 -3.347055061351560568e+01 6.343798428207288786e+00 -7.538287881600066953e+01 -2.756904658354570614e+01 -3.347055061351560568e+01 -2.756904658354570614e+01 -1.796218022150647187e+01
-1.307070718337108595e+01 6.580721241285004908e+00 8.847991202427671453e+00 6.580721241285004908e+00 -1.827862360321675084e+01 1.678848093230412530e+01 8.847991202427671453e+00 1.678848093230412530e+01 -1.010003198542649301e+02
-5.429305927442438673e+01 -3.305454321913898497e+01 1.473670560654460004e+01 -3.305454321913898497e+01 -5.801387915467156375e+01 -1.929218754068498853e+01 1.473670560654460004e+01 -1.929218754068498853e+01 -1.053585987151556651e+02
-1.063923561110897538e+02 -3.309696905107662790e+00 -6.488928455090577252e+00 -3.309696905107662790e+00 -1.026641849484873745e+02 -8.121086286609574545e-01 -6.488928455090577252e+00 -8.121086286609574545e-01 -5.604495389124077320e+01
-2.165420019967771026e+01 -3.076479488509836102e+00 6.524149238937584805e+00 -3.076479488509836102e+00 -5.380445088468919579e+01 -5.131393693672989365e+00 6.524149238937584805e+00 -5.131393693672989365e+00 -6.751436979624831736e+01
-1.091247868335059366e+02 8.731073366038616612e+00 2.236798313273571281e+01 8.731073366038616612e+00 -3.296817752799722001e+01 -4.863547551246136358e+00 2.236798313273571281e+01 -4.863547551246136358e+00 -6.125250342872562470e+01
-1.138119500209734412e+02 -2.366379591451644515e+01 -1.245640437417446833e+01 -2.366379591451644515e+01 -4.391701525580337062e+01 -3.170791808256308997e+01 -1.245640437417446833e+01 -3.170791808256308997e+01 -7.832050003779401948e+01
-3.339301406416373652e+01 -1.295208722916814326e+00 -1.573897200186714507e+01 -1.295208722916814326e+00 -5.354988645001739656e+01 -1.669564153824044439e+00 -1.573897200186714507e+01 -1.669564153824044439e+00 -5.684884248662054063e+01
1.110010534391383885e+01 1.095746080829717473e+00 -7.821434536770852652e+00 1.095746080829717473e+00 -3.562157281248098428e+01 -1.138585758735980136e+01 -7.821434536770852652e+00 -1.138585758735980136e+01 -1.661325351355629110e+01
-7.782171365002423613e+01 -4.445869484264871119e+01 2.625785272913392632e+01 -4.445869484264871119e+01 -5.463593427775700917e+01 2.863670614706685313e+01 2.625785272913392632e+01 2.863670614706685313e+01 -4.852160575219821936e+01
-1.552613743469382435e+01 7.757431915889189789e+00 2.198191975941933762e+01 7.757431915889189789e+00 -4.622346012317643194e+00 1.454373147270612954e+00 2.198191975941933762e+01 1.454373147270612954e+00 9.846721420774230182e+00
-5.164700990357549415e+01 1.582327977751839043e+01 -1.378214215924461250e+01 1.582327977751839043e+01 -4.232493323107307504e+01 -2.384169457454511232e+01 -1.378214215924461250e+01 -2.384169457454511232e+01 -1.009612481038963381e+02
-3.917331416358052110e+01 -1.513086222681901205e+01 1.337395370321678456e+01 -1.513086222681901205e+01 -2.389916901378109770e+01 2.377532592301254410e-01 1.337395370321678456e+01 2.377532592301254410e-01 -3.926747801446524733e+01
-4.102223179825769961e+01 1.786739409169644022e+00 3.032950677653839744e+00 1.786739409169644022e+00 -9.227891455520030206e+01 -7.363241420176368024e+01 3.032950677653839744e+00 -7.363241420176368024e+01 -1.103197611828305043e+02
-7.355920602805852582e+01 -3.598928260032136706e+01 -2.123738079543030732e+00 -3.598928260032136706e+01 -7.051171361639006818e+01 9.403412439792552036e+00 -2.123738079543030732e+00 9.403412439792552036e+00 -1.045090993214263477e+02
-4.762269535218147887e+00 1.370344096268757461e+01 5.627921006236969781e+00 1.370344096268757461e+01 3.293756628576907985e+01 -9.012223014118779574e+00 5.627921006236969781e+00 -9.012223014118779574e+00 -3.095519270029974379e+01
-7.291347994478957162e+01 -3.593920328243723539e+00 4.148707397411045150e+01 -3.593920328243723539e+00 -8.682227692838739586e+01 -3.629850450929392736e+01 4.148707397411045150e+01 -3.629850450929392736e+01 -4.747263171847971819e+01
-4.154976368878556769e+01 3.284629679672460156e+01 -2.438828888016415419e+01 3.284629679672460156e+01 -7.379979861259610630e+01 2.244275453712886303e+01 -2.438828888016415419e+01 2.244275453712886303e+01 -4.458842825690245348e+01
-6.592243647818160923e+01 -3.152765432418847436e+00 1.232982205182450386e+01 -3.152765432418847436e+00 -4.764214016991395084e+01 -2.049509979719585928e+01 1.232982205182450386e+01 -2.049509979719585928e+01 -9.354641077738475019e+01
-3.307693384814846382e+01 3.347064002500312796e+01 -2.465744142988994980e+01 3.347064002500312796e+01 -5.923710258329001555e+00 -3.981467052517218264e+01 -2.465744142988994980e+01 -3.981467052517218264e+01 -2.946408167729696004e+01
-2.793624538225079945e+01 -4.716113486787916287e+01 7.252360026994251641e+00 -4.716113486787916287e+01 -7.012472969158530134e+01 -1.355987717420655869e+01 7.252360026994251641e+00 -1.355987717420655869e+01 -2.080760357467864097e+01
6.297013843338871375e+00 5.248987910563780446e+00 -2.813441634464061636e+01 5.248987910563780446e+00 -4.124937804985643908e+01 -4.584415539442892396e+01 -2.813441634464061636e+01 -4.584415539442892396e+01 -9.134762253342209704e+01
-3.812154276855910950e+01 1.864067055344808566e+01 -7.237821334673554929e+00 1.864067055344808566e+01 -5.506026463669672211e+01 1.736771476057108288e+01 -7.237821334673554929e+00 1.736771476057108288e+01 -8.515050215801562672e+01
-5.533418521406015600e+01 -7.736462005662041008e+00 6.704620954590163606e+00 -7.736462005662041008e+00 -5.510139656535250907e+01 2.792564699111884252e+01 6.704620954590163606e+00 2.792564699111884252e+01 -1.309403806261956333e+02
-1.509701410754123856e+02 4.084047027827976706e+01 -1.381603555799214611e+01 4.084047027827976706e+01 -7.540541666022647860e+01 2.104428356423812119e+01 -1.381603555799214611e+01 2.104428356423812119e+01 -1.001634260917430339e+02
-1.203957301915030769e+02 -1.362244840168648663e+00 -6.099258873412571447e+00 -1.362244840168648663e+00 -1.258211538436443533e+02 -1.172246624497352840e+01 -6.099258873412571447e+00 -1.172246624497352840e+01 -1.152703846584693679e+02
-7.666178560213182891e+00 6.009701777936888867e+00 2.221644530774458559e+01 6.009701777936888867e+00 -2.008487713505160599e+01 -7.611068074763141844e+00 2.221644530774458559e+01 -7.611068074763141844e+00 4.731062428903721973e+00
1.129773634011920258e+01 -4.021720374740906578e+01 2.030682272204557748e+01 -4.021720374740906578e+01 -4.378419604569613988e+00 -3.263023784940394734e+01 2.030682272204557748e+01 -3.263023784940394734e+01 -5.462133730782274910e+01
-1.007620243517804539e+02 -1.865028423701483007e+01 6.086244396880788798e+01 -1.865028423701483007e+01 -8.704071681643982572e+01 1.829501758362033925e+01 6.086244396880788798e+01 1.829501758362033925e+01 -1.201858848351093059e+02
-6.010832945927533189e+01 -5.397496050588970462e+01 -1.295875965730860457e+01 -5.397496050588970462e+01 -9.012609501077919916e+00 -1.341129830213661123e+01 -1.295875965730860457e+01 -1.341129830213661123e+01 -3.071387707862135841e+01
-1.438501978476308807e+01 1.155046982588599214e+01 -3.470452214494917342e+01 1.155046982588599214e+01 -2.070172764483144334e+01 -5.109311980339009551e+01 -3.470452214494917342e+01 -5.109311980339009551e+01 -5.532496364473727368e+01
-5.398564852186562035e+01 3.167181408902391837e+01 9.346473646395766721e+00 3.167181408902391837e+01 -4.429839660703201076e+01 -2.182651754162241886e+01 9.346473646395766721e+00 -2.182651754162241886e+01 -4.459534430727427434e+01
-5.071228989942974152e+01 2.063052327856177826e+01 -1.646984905839104130e+01 2.063052327856177826e+01 1.282731647670045838e+01 7.815525191994063370e+00 -1.646984905839104130e+01 7.815525191994063370e+00 -6.868274472738229974e+01
-1.196318580226336437e+01 -1.098161700158641274e+01 -8.099156946860955486e+01 -1.098161700158641274e+01 -7.531459881145893576e+01 1.358103801650266185e+01 -8.099156946860955486e+01 1.358103801650266185e+01 -6.998450147401288746e+01
-4.286268099075611104e+01 1.200549463375855552e+01 -6.005862376070465913e+00 1.200549463375855552e+01 -8.689704216519373858e+00 1.338039210237400489e+01 -6.005862376070465913e+00 1.338039210237400489e+01 -7.973270755762598583e+01
-4.661887076171675659e+01 -7.724970805347133762e+00 -3.620023432492641291e+01 -7.724970805347133762e+00 -3.620752132625766251e+01 -2.449096157529286444e+01 -3.620023432492641291e+01 -2.449096157529286444e+01 -5.858650211162137111e+01
-5.530392038452301762e+01 3.083878179269292730e+01 8.981937585270872049e+00 3.083878179269292730e+01 -5.428346325170701903e+01 -3.837219887128876650e+01 8.981937585270872049e+00 -3.837219887128876650e+01 -4.551469231817745253e+01
-1.035150202193971296e+02 -2.832363206775153941e+01 -3.827653118049691727e+01 -2.832363206775153941e+01 -9.291597523558222349e+01 2.619317894028536653e+00 -3.827653118049691727e+01 2.619317894028536653e+00 -1.894056647324052545e+00
-9.718815079500599197e+00 7.991396079088930549e+01 -5.987576811003211219e+01 7.991396079088930549e+01 -7.684551450115668558e+01 1.547051631251878590e+01 -5.987576811003211219e+01 1.547051631251878590e+01 4.411273354151327197e+01
-4.882606538453569556e+01 -8.196254709222492441e-01 -1.251162591527109669e+01 -8.196254709222492441e-01 -7.250867623785767080e+01 9.515026443248238763e+00 -1.251162591527109669e+01 9.515026443248238763e+00 -4.175231138800169362e+01
-2.931343379950219230e+01 2.384502252039050774e+01 -2.210535857286648920e+01 2.384502252039050774e+01 -4.979024898097893015e+01 -1.375695320373701414e+01 -2.210535857286648920e+01 -1.375695320373701414e+01 -5.107899681338598441e+01
-1.714765195023149502e+01 1.666068269933774104e+01 2.332767708449854815e+00 1.666068269933774104e+01 -1.150580535665555146e+02 4.200833937136737006e+01 2.332767708449854815e+00 4.200833937136737006e+01 -5.019089096591147836e+01
-7.193222104423482222e+01 2.902303331110095286e+01 -4.737501372370276798e+00 2.902303331110095286e+01 -1.123556581706289421e+02 3.116693743552821871e+01 -4.737501372370276798e+00 3.116693743552821871e+01 -8.473958961540805035e+01
-6.230822786108372213e+01 -2.301928167282518345e+01 3.643004690185508210e+00 -2.301928167282518345e+01 -3.505910744629305498e+01 -2.685786335533481761e+01 3.643004690185508210e+00 -2.685786335533481761e+01 1.027530283627259067e+00
-4.144912079119114168e+01 -3.958954309420792583e+01 -3.298138081168520586e+01 -3.958954309420792583e+01 -6.263554007298110093e+01 2.921684011907717871e+00 -3.298138081168520586e+01 2.921684011907717871e+00 -8.871593508164210107e+01
-8.782293516083444729e+01 1.175606430079648135e+01 1.163981010039141228e+00 1.175606430079648135e+01 -8.854321522279430212e+01 -1.123063358031347292e+01 1.163981010039141228e+00 -1.123063358031347292e+01 -4.248894110567972149e+01
-5.051641093001959604e+01 -2.021534498006026226e+01 -1.871559734141036557e+01 -2.021534498006026226e+01 -3.392078305992935583e+01 -4.065244570995206175e+01 -1.871559734141036557e+01 -4.065244570995206175e+01 -8.778426497376541704e+01
-8.253615298670148093e+01 -5.353454954477747663e+00 1.815410260637802864e+01 -5.353454954477747663e+00 -9.504284124749618456e+01 -2.830492946730839066e+01 1.815410260637802864e+01 -2.830492946730839066e+01 -1.337070867547515718e+02
-1.951138652614293534e+01 -5.428201192765421901e+00 5.031331399637291213e+01 -5.428201192765421901e+00 -5.910622803361945898e+01 1.003996768281348828e+01 5.031331399637291213e+01 1.003996768281348828e+01 -8.360573886419223300e+01
-3.729304124059910919e+01 3.765304770207497853e+01 2.132893358253078731e+01 3.765304770207497853e+01 -4.673650677260989283e+01 4.199730051852951895e+00 2.132893358253078731e+01 4.199730051852951895e+00 4.448261544164981096e+00
-7.081308730907845472e+01 3.187804551780452300e+00 -1.010769364019197347e+01 3.187804551780452300e+00 -4.215199477218008184e+01 -5.897544028389975068e+01 -1.010769364019197347e+01 -5.897544028389975068e+01 -2.617914278443248932e+01
-3.851618633597732355e+01 2.293979639172006912e+01 5.411809918370768635e+00 2.293979639172006912e+01 -2.536446432827866104e+01 -7.728266714473246424e+00 5.411809918370768635e+00 -7.728266714473246424e+00 -5.390418556424793906e+01
-7.866014978828563642e+01 2.973504536130182530e+01 1.672585482819318514e+01 2.973504536130182530e+01 -2.896781795008667970e+01 2.370556625221329483e+01 1.672585482819318514e+01 2.370556625221329483e+01 -4.745683383707628877e+01
-5.161659117778324202e+01 2.061734433694013902e+01 4.777671904575131911e+00 2.061734433694013902e+01 -1.206545514657451079e+01 -7.836218542664164843e+00 4.777671904575131911e+00 -7.836218542664164843e+00 -2.342162240481858149e+01
8.288437634979577417e-01 1.521498134816992298e+01 -1.861345081149032410e+00 1.521498134816992298e+01 -2.211667758601275224e+01 -5.058107306156466620e+01 -1.861345081149032410e+00 -5.058107306156466620e+01 -4.568062095297078429e+01
-1.022916901244210237e+02 -3.110594925621633422e+00 9.714606566348761518e+00 -3.110594925621633422e+00 -9.378913210272608580e+01 8.224003073744462711e+00 9.714606566348761518e+00 8.224003073744462711e+00 -1.045904211173318998e+00
-8.725116275388013776e+01 5.932767572959112279e+00 -2.503555545500085344e+01 5.932767572959112279e+00 -5.468971236320027174e+01 2.972616622800497055e+01 -2.503555545500085344e+01 2.972616622800497055e+01 -8.089839849768272018e+01
-7.590015785462249198e+01 -7.437299422829871887e+00 1.229016195438413916e+01 -7.437299422829871887e+00 -8.978984720634176853e+00 8.205947131861750066e+00 1.229016195438413916e+01 8.205947131861750066e+00 -2.046801897297290651e+01
-6.474390263529684830e+00 2.021447560270918942e+01 2.943239259082610193e+00 2.021447560270918942e+01 -5.311376292596782633e+01 4.249075368937289454e+01 2.943239259082610193e+00 4.249075368937289454e+01 -8.518104011172897572e+01
-7.182848089161481653e+01 -1.391902153759976635e+01 2.002748870522864877e+01 -1.391902153759976635e+01 -9.218569726717770152e+01 -1.558866940214204533e+01 2.002748870522864877e+01 -1.558866940214204533e+01 -5.249645091452435253e+01
-1.116711878377320488e+02 -1.378443243694922593e+01 -3.029006605725611534e-01 -1.378443243694922593e+01 -6.227624288010704134e+01 -9.533315633041909987e-01 -3.029006605725611534e-01 -9.533315633041909987e-01 -7.387911132600406461e+01
-1.072892685945628415e+02 -3.043885249585571273e+01 -3.016472937805260202e+01 -3.043885249585571273e+01 -2.974874109186549731e+01 4.503751224628182115e+00 -3.016472937805260202e+01 4.503751224628182115e+00 -1.499837996320083455e+01
-5.558136145814557949e+01 3.125988723712587003e+01 1.358855329916785060e+01 3.125988723712587003e+01 -5.676501291729169907e+01 -2.708919584181485263e+00 1.358855329916785060e+01 -2.708919584181485263e+00 -8.566602033084606660e+01
-1.375034437225013164e+02 2.203998510653843823e+01 6.979548621123852215e+00 2.203998510653843823e+01 -1.007156524218605256e+02 -2.062915299056257812e+00 6.979548621123852215e+00 -2.062915299056257812e+00 -9.484419998843434030e+01
-1.470526212191537674e+01 2.926410717284711538e+01 -5.315758005989874135e+00 2.926410717284711538e+01 -2.214946143553324731e+01 2.699327808020579766e+01 -5.315758005989874135e+00 2.699327808020579766e+01 -4.180937474412961308e+01
-7.721425832315379978e+01 -4.051202811455824104e+01 -2.463162285911130311e+01 -4.051202811455824104e+01 -5.369859229723391536e+01 -1.001193125682416074e+01 -2.463162285911130311e+01 -1.001193125682416074e+01 -9.047540817966945781e+01
-2.836174042000030227e+01 2.813802733182604499e+01 -5.432072520501148638e+00 2.813802733182604499e+01 -7.109692330247025893e+01 6.745172503757612681e+00 -5.432072520501148638e+00 6.745172503757612681e+00 -2.927727944574329300e+01
-6.310096221360594448e+00 1.445122630984090684e+01 -1.804600625044496098e+01 1.445122630984090684e+01 -2.421765959867108720e+01 2.546101932412323166e+01 -1.804600625044496098e+01 2.546101932412323166e+01 -5.163937276061901116e+00
-4.870812700943637452e+01 -3.505059312754984546e+01 -1.537361142038744433e+01 -3.505059312754984546e+01 -5.411470081772571916e+01 -3.509131017896175564e+01 -1.537361142038744433e+01 -3.509131017896175564e+01 -1.038438098227751567e+02
-7.534056009701595258e+01 2.037875567751444095e+01 9.426016085862464422e+00 2.037875567751444095e+01 -8.623863566824770999e+01 -2.085027953264112455e+01 9.426016085862464422e+00 -2.085027953264112455e+01 -3.717291104098067223e+01
-5.694328652966935067e+01 4.696243973976906183e+00 3.084898302880869192e+00 4.696243973976906183e+00 -4.969527734961236121e+01 3.093689837547782062e+01 3.084898302880869192e+00 3.093689837547782062e+01 -5.523985815897865592e+01
-3.933745944051410248e+01 8.695332661088906789e+00 -3.780292416334268157e+00 8.695332661088906789e+00 -2.869126715318880727e+01 -1.322450201719548168e+01 -3.780292416334268157e+00 -1.322450201719548168e+01 -4.971135015595332618e+01
-2.442781719312844757e+01 9.949353928841217609e+00 3.582727641569428556e+01 9.949353928841217609e+00 3.138176568985883108e+01 -3.884082686390831896e+01 3.582727641569428556e+01 -3.884082686390831896e+01 -5.828757528767219753e+01
-1.020198718638620363e+02 -1.072505110918355697e+01 -1.308199820718451534e+01 -1.072505110918355697e+01 -1.474939554875966508e+02 1.387617375291212340e+01 -1.308199820718451534e+01 1.387617375291212340e+01 -1.049091973872969987e+02
-2.604914650960706979e+01 -2.315718009258030818e+01 7.574581086879164538e+00 -2.315718009258030818e+01 1.889422546445653595e+01 -2.129410489873737333e+01 7.574581086879164538e+00 -2.129410489873737333e+01 -5.129885711676394067e+01
-2.381421496565911511e+01 4.327670075366037317e+00 2.023562181326965259e+01 4.327670075366037317e+00 -9.376807865634155803e+01 -1.540030120293885396e+01 2.023562181326965259e+01 -1.540030120293885396e+01 -4.065475708079535622e+01
-3.225973159226560938e+01 -1.225817398323683305e+00 -3.322563254590436088e+01 -1.225817398323683305e+00 -1.659870932213533834e+01 1.016239108453237350e+01 -3.322563254590436088e+01 1.016239108453237350e+01 -5.134493375794334469e+01
-1.134866663165833067e+01 3.158638344026371669e+01 2.058784897430531302e+01 3.158638344026371669e+01 -7.470665103854584288e+01 1.679653029365798389e+01 2.058784897430531302e+01 1.679653029365798389e+01 -2.956278725649571726e+01
-1.257102127660032380e+02 -7.227213006954914754e+00 -3.761451388076050506e+01 -7.227213006954914754e+00 -3.167225304259669016e+01 6.396975563254061115e+01 -3.761451388076050506e+01 6.396975563254061115e+01 -6.656608852258945319e+01
-6.161354103685845729e+01 8.044996111185644949e+00 -6.412203810607695686e+01 8.044996111185644949e+00 -1.350888287654736253e+01 2.458054062570885279e+01 -6.412203810607695686e+01 2.458054062570885279e+01 1.149863129689069474e+01
-3.841106190558927835e+01 -2.972729365641782096e+01 2.997521756674850213e+00 -2.972729365641782096e+01 -6.839874140255565749e+01 4.093880734144553912e+01 2.997521756674850213e+00 4.093880734144553912e+01 6.518780413953830788e+00
-1.065230213743410559e+02 1.247656497196912895e+01 1.271539322303897324e+00 1.247656497196912895e+01 -1.028569606310762765e+02 -1.180288973398556962e+01 1.271539322303897324e+00 -1.180288973398556962e+01 -1.114607006145180463e+02
-6.192221825346997832e+01 -1.852108767012164492e+01 1.425210304593436383e+01 -1.852108767012164492e+01 -1.298547579474448810e+02 -2.585423563592319951e+01 1.425210304593436383e+01 -2.585423563592319951e+01 -9.645795871421286449e+01
-6.453778340793591894e+01 -2.746904851157243499e+01 -4.516652949490853786e+01 -2.746904851157243499e+01 -1.772250143120092858e+01 -1.451318377929424130e+01 -4.516652949490853786e+01 -1.451318377929424130e+01 -1.136412837715838009e+00
-4.590653506085352831e+01 -2.788900513039476614e+00 2.375098064683037524e+00 -2.788900513039476614e+00 -7.276912820348161404e+01 5.438372172634112545e+00 2.375098064683037524e+00 5.438372172634112545e+00 -4.627277312545861321e+01
-1.710760772992722067e+01 1.951265675755902862e+01 3.066892373895615975e+00 1.951265675755902862e+01 -6.765782322873747034e+01 5.010456556676173179e+00 3.066892373895615975e+00 5.010456556676173179e+00 -9.531535953926254479e+01
-8.534233816774811032e+01 6.792029822936865857e-01 9.585147933808938703e+00 6.792029822936865857e-01 -2.092643499349051694e+01 1.299888802405940069e+01 9.585147933808938703e+00 1.299888802405940069e+01 -4.334063775771633686e+01
8.272025429795558438e+00 3.513492026537706980e+00 -1.868054688983924905e+01 3.513492026537706980e+00 -7.540402812026056267e+01 -2.197180077529286635e+01 -1.868054688983924905e+01 -2.197180077529286635e+01 -3.613204390353187279e+01
-4.192599427113434274e+01 -2.819485510302320197e+00 -2.237588858279517723e+01 -2.819485510302320197e+00 -5.948631913216346589e+01 -2.730181245509421206e+00 -2.237588858279517723e+01 -2.730181245509421206e+00 3.247276486640604976e+00
-1.044071099554462876e+02 -2.799635461961383598e+01 -8.840107043903143946e+00 -2.799635461961383598e+01 -5.697750385329362643e+01 6.590432662917451445e+00 -8.840107043903143946e+00 6.590432662917451445e+00 -8.407945978938288079e+01
-5.268926715677441308e+01 1.033126418948135239e+01 1.257549242411142210e+01 1.033126418948135239e+01 -4.374082530497420152e+01 -3.556024083877536413e+01 1.257549242411142210e+01 -3.556024083877536413e+01 -7.657402922335485584e+01
-7.382391603230418298e+01 -1.679266928007320248e+00 -2.761694327230410906e+01 -1.679266928007320248e+00 -4.492092468805042671e+01 -1.413196968560847111e+01 -2.761694327230410906e+01 -1.413196968560847111e+01 5.272888271161492213e+01
-6.088225181082437842e+01 -2.103554568319268370e+01 3.259443275326465539e+01 -2.103554568319268370e+01 -7.771636258281405674e+01 5.385881220656304258e+00 3.259443275326465539e+01 5.385881220656304258e+00 -1.402576115531547316e+02
-8.442302302613560983e+01 -1.226215118527155568e+01 9.825876216975633071e+00 -1.226215118527155568e+01 -1.020314085610790187e+02 -3.738854273316974286e+01 9.825876216975633071e+00 -3.738854273316974286e+01 -1.905064183344117268e+01
-7.384490402258795427e+01 1.590250841814115645e+01 -3.996052996839480009e+00 1.590250841814115645e+01 -8.502029046635946941e+01 6.596056982883823361e-01 -3.996052996839480009e+00 6.596056982883823361e-01 -9.785941164345655352e+01
-3.367047920462162125e+01 -2.982794531561703977e+01 -1.557982553213054366e+01 -2.982794531561703977e+01 -7.162764127970477546e+01 2.239771272035695659e+01 -1.557982553213054366e+01 2.239771272035695659e+01 -7.824629273820164599e+01
-6.638002005269669326e+01 2.762683953405805859e+00 -1.914870664846038650e+01 2.762683953405805859e+00 -5.156285479509687519e+01 3.942403210194905938e+01 -1.914870664846038650e+01 3.942403210194905938e+01 -5.224826254075935594e+01
-3.524148903019951540e+00 -2.639679833937048059e+01 -8.155812984798169296e+00 -2.639679833937048059e+01 -4.791775421352789976e+01 1.506722830507008482e+01 -8.155812984798169296e+00 1.506722830507008482e+01 -7.159942309112020098e+01
-2.432245121401515320e+01 1.421970743815581173e+01 1.596273924047187265e+01 1.421970743815581173e+01 -3.995553728720118158e+01 2.543316641121084487e+01 1.596273924047187265e+01 2.543316641121084487e+01 -8.564225663543764711e+01
-4.065202215539807895e+01 8.785549662289569017e-01 1.569593527389513277e+01 8.785549662289569017e-01 -9.292144585129561563e+01 5.275825173946130597e+00 1.569593527389513277e+01 5.275825173946130597e+00 -9.145874671835450442e+01
-8.579786469202052501e+01 -4.262366926664196143e+01 -1.119728838255865000e+01 -4.262366926664196143e+01 -9.803723814882448551e+01 -3.948069393064725041e+00 -1.119728838255865000e+01 -3.948069393064725041e+00 -4.833196241885263333e+01
-5.133619045964356076e+01 -1.942447370501131232e+01 -2.505340690020859640e+01 -1.942447370501131232e+01 -9.847811299403446128e+01 -4.829180575673036913e+01 -2.505340690020859640e+01 -4.829180575673036913e+01 -8.819902603080106473e+01
-5.514165078014821830e+01 3.585336860477788434e+01 1.562403304843451934e+01 3.585336860477788434e+01 -5.787058650611460564e+01 -4.060279083395657906e+00 1.562403304843451934e+01 -4.060279083395657906e+00 -1.071167365960833706e+01
-5.099968442195504714e+00 1.902536799907488074e+01 -7.259074028624784347e+00 1.902536799907488074e+01 -3.942107360492272505e+01 -2.018454775642256038e+01 -7.259074028624784347e+00 -2.018454775642256038e+01 -5.403191088648937068e+01
-1.082831142915389506e+02 7.995304263913793008e+00 3.095417221242164629e+01 7.995304263913793008e+00 -5.278392518592625748e+01 4.304601129520502667e+01 3.095417221242164629e+01 4.304601129520502667e+01 -8.393265325176055569e+01
-4.568088837354392950e+01 -1.129806524830519088e+01 2.002608933850139383e+00 -1.129806524830519088e+01 -7.908597714030823056e+01 -2.639372184390682818e+01 2.002608933850139383e+00 -2.639372184390682818e+01 -8.513348623040718621e+01
3.198050641664145033e+01 2.423666397543495776e+01 3.165819881940352687e+01 2.423666397543495776e+01 2.283600016514692399e+01 3.731485329816477048e+01 3.165819881940352687e+01 3.731485329816477048e+01 -7.049322734513997091e+01
-8.167572459880388180e+01 2.586789010363036567e+01 -8.261939438473934416e+00 2.586789010363036567e+01 -9.774602422766466248e+01 -1.202377438835741863e+01 -8.261939438473934416e+00 -1.202377438835741863e+01 -7.127907764623923015e+01
-7.071770902077753362e+01 5.651877216409073590e+00 -1.749019619300592510e+01 5.651877216409073590e+00 -3.961617760887314876e+00 -2.386727250363126629e+01 -1.749019619300592510e+01 -2.386727250363126629e+01 -6.208585720635382899e+01
-5.480960542836787397e+01 2.845841910946036180e+01 1.246725634647609127e+01 2.845841910946036180e+01 -7.637548828645009280e+01 -2.581457214865205430e+01 1.246725634647609127e+01 -2.581457214865205430e+01 -2.150439034834103325e+01
-5.481286120647622795e+01 6.158111085226416037e+00 -1.462596108586535948e+01 6.158111085226416037e+00 -5.889688781318098876e+01 1.699271179260749554e+00 -1.462596108586535948e+01 1.699271179260749554e+00 -7.540829729263049330e+01
2.633604429991343920e+01 -4.703297406583509810e-01 2.051058129391813623e+01 -4.703297406583509810e-01 -7.163887992169641450e+01 1.175382088396206548e+01 2.051058129391813623e+01 1.175382088396206548e+01 -6.205337051831882178e+01
-8.635413687219202927e+01 -2.015932295061747936e+01 -4.254183060441310005e+01 -2.015932295061747936e+01 -8.197295130948690201e+01 -1.806046427973910440e+01 -4.254183060441310005e+01 -1.806046427973910440e+01 -1.894865454944548944e+00
-6.438370032334258042e+01 -3.835270196021720324e+01 -3.951749127866877132e+01 -3.835270196021720324e+01 -1.094384881114440162e+02 7.894831141020224763e+00 -3.951749127866877132e+01 7.894831141020224763e+00 -5.381012245477295863e+01
-8.546816674837697292e+01 3.373771784062602475e-01 9.709224763404977310e+00 3.373771784062602475e-01 -2.619643840047567451e+01 -6.440988148163119931e+00 9.709224763404977310e+00 -6.440988148163119931e+00 -4.352185307070440246e+01
-4.700154069791497591e+01 1.990780287555045991e+00 -5.330236760970481075e-02 1.990780287555045991e+00 -3.918443080214007779e+01 -4.515698699327688748e-01 -5.330236760970481075e-02 -4.515698699327688748e-01 5.912983068633550943e+01
-1.333800781691040811e+02 4.394304706072121292e+01 1.122275380452136773e+01 4.394304706072121292e+01 -6.500083925976365151e+01 2.305971230231889635e+01 1.122275380452136773e+01 2.305971230231889635e+01 -5.526492137227744905e+01
-4.892069825438317565e+01 3.282814317823888928e+01 2.234621942982083098e+01 3.282814317823888928e+01 -7.936007477799800824e+01 3.087685041663099383e+01 2.234621942982083098e+01 3.087685041663099383e+01 -1.047810016624349743e+02
