-1.044729088895822713e+02 5.904818258660358588e+00 2.115948200918190381e+01 5.904818258660358588e+00 -7.819549769628690683e+01 4.248147058368742535e+01 2.115948200918190381e+01 4.248147058368742535e+01 -8.701135566226594165e+01
-1.341634349838015794e+02 -2.367295739378332264e+00 -2.011232772609086084e+01 -2.367295739378332264e+00 -1.319750009850411914e+02 -2.455606711262266817e+00 -2.011232772609086084e+01 -2.455606711262266817e+00 -7.551320669250013395e+01
-1.117182311808711006e+02 -1.045113799905419683e+01 4.258433425314147058e+01 -1.045113799905419683e+01 -1.054068606477967194e+02 -4.261563388044987022e+00 4.258433425314147058e+01 -4.261563388044987022e+00 -1.056898723055654727e+02
-1.299292742972805002e+02 1.689763301458324207e+01 -1.867680529493912056e+00 1.689763301458324207e+01 -1.628973422905861241e+02 -3.195499532863272663e+01 -1.867680529493912056e+00 -3.195499532863272663e+01 -1.387836690384534393e+02
-1.035813770865763388e+02 1.015093801960059139e+01 -2.752588653236749838e+00 1.015093801960059139e+01 -1.192421181187942807e+02 -1.438854253060002542e+01 -2.752588653236749838e+00 -1.438854253060002542e+01 -1.314197647897578634e+02
-8.002065772281056866e+01 2.865687575736043868e+01 -1.100937535411278034e+01 2.865687575736043868e+01 -1.034611884013916807e+02 4.023853715253660823e+01 -1.100937535411278034e+01 4.023853715253660823e+01 -7.293475428962959484e+01
-8.207981682788941669e+01 2.790329701080600344e+01 1.383645895311284901e+00 2.790329701080600344e+01 -5.319610913825300713e+01 -6.462490255291389651e+00 1.383645895311284901e+00 -6.462490255291389651e+00 -1.292431465530372066e+02
-9.498864529511175192e+01 1.866978807937299578e+01 -1.467389147836505714e+01 1.866978807937299578e+01 -1.016946612111965891e+02 1.279178476329495062e+01 -1.467389147836505714e+01 1.279178476329495062e+01 -1.238903418702577284e+02
-1.403143666717265887e+02 2.022574280129930457e+01 -2.825056479757466477e+01 2.022574280129930457e+01 -1.753425149912498853e+02 -1.238446476217337811e+01 -2.825056479757466477e+01 -1.238446476217337811e+01 -1.135802535441661689e+02
-1.833739649941603886e+02 -2.727625571330008825e+00 -1.129971376182309761e+01 -2.727625571330008825e+00 -1.848801936295915596e+02 -1.371618473869285815e+01 -1.129971376182309761e+01 -1.371618473869285815e+01 -1.288379016540774273e+02
-5.986354831459052406e+01 9.732869590021818951e+00 -1.341192644793332001e+01 9.732869590021818951e+00 -1.679853510063107933e+02 -3.315145260134401184e+01 -1.341192644793332001e+01 -3.315145260134401184e+01 -7.430891102174307150e+01
-8.497451536023500296e+01 -6.568073550787753234e+00 1.297201497167811546e+01 -6.568073550787753234e+00 -1.059857774955594891e+02 2.748448707330311791e+01 1.297201497167811546e+01 2.748448707330311791e+01 -1.089242471413906941e+02
-1.406786260120286158e+02 2.156039800880848123e+00 2.604040662759290914e+00 2.156039800880848123e+00 -3.564314730433643064e+01 2.147806593775587203e+01 2.604040662759290914e+00 2.147806593775587203e+01 -9.164545792605402141e+01
-1.125219366776599372e+02 -1.759801944965019871e+01 1.115084529126446355e+01 -1.759801944965019871e+01 -9.603371963956634261e+01 -8.391511028694006669e+00 1.115084529126446355e+01 -8.391511028694006669e+00 -5.770486856222288452e+01
-1.415149624394018986e+02 3.347784590911604852e+01 -1.107009525651407955e+01 3.347784590911604852e+01 -1.394517480776326863e+02 -1.109180262734994926e+01 -1.107009525651407955e+01 -1.109180262734994926e+01 -1.066135923744527787e+02
-6.297269460412928055e+01 1.570916254332306750e+01 -4.718060408517057880e+00 1.570916254332306750e+01 -9.435030115642679505e+01 2.395732911912450547e+01 -4.718060408517057880e+00 2.395732911912450547e+01 -5.284547643790766358e+01
-9.257843526190885086e+01 1.377796051986835302e+01 8.547014378772756160e+00 1.377796051986835302e+01 -4.738126279868045998e+01 -1.627510058417649219e+01 8.547014378772756160e+00 -1.627510058417649219e+01 -7.023770109255643490e+01
-1.559694584470410348e+02 2.487892470289865710e+00 -1.820904259777716661e+01 2.487892470289865710e+00 -1.064022170513976704e+02 -3.803162451157390223e+01 -1.820904259777716661e+01 -3.803162451157390223e+01 -8.950839925163303690e+01
-1.314057329041385742e+02 -5.734386238747876341e+00 4.862915623349079119e+00 -5.734386238747876341e+00 -1.175751800501865034e+02 -6.811162656109238434e+00 4.862915623349079119e+00 -6.811162656109238434e+00 -1.141348538703130231e+02
-8.700050872245734013e+01 4.069703749170513696e+00 -8.136172151373805006e-02 4.069703749170513696e+00 -1.291590489141982232e+02 2.426730157736793458e+00 -8.136172151373805006e-02 2.426730157736793458e+00 -1.360274392834842843e+02
-1.619982818784611425e+02 -8.547505408221990564e+00 -2.802591335169691789e+01 -8.547505408221990564e+00 -1.082336026389580894e+02 -6.830964710497453574e+00 -2.802591335169691789e+01 -6.830964710497453574e+00 -1.249589596640434195e+02
-1.454182410606041742e+02 1.431623290770952828e+01 6.173827304208789002e+00 1.431623290770952828e+01 -1.045985296994153089e+02 1.807309362367600203e+00 6.173827304208789002e+00 1.807309362367600203e+00 -1.020173877075553577e+02
-1.374640300664236747e+02 3.798740538780803178e+01 -3.474493785719270278e+01 3.798740538780803178e+01 -1.399177724439969097e+02 1.858033162665880766e+01 -3.474493785719270278e+01 1.858033162665880766e+01 -1.171343588076007904e+02
-1.077209363295963414e+02 2.662786367132345333e+01 -2.021743399245924877e+01 2.662786367132345333e+01 -8.014856669423981828e+01 1.081594640650086170e+01 -2.021743399245924877e+01 1.081594640650086170e+01 -5.902302248199404033e+01
-1.008335671248121201e+02 1.671397705486373653e+01 -3.636183546845526582e+00 1.671397705486373653e+01 -8.343473457308057561e+01 1.188858941992408091e+01 -3.636183546845526582e+00 1.188858941992408091e+01 -1.126020358247474604e+02
-9.703743296220220316e+01 -7.490974219054504779e+00 2.724598549143114212e+01 -7.490974219054504779e+00 -1.321351842606897549e+02 -3.115479500318444650e+01 2.724598549143114212e+01 -3.115479500318444650e+01 -1.647169546261732194e+02
-7.485387581769718679e+01 6.618287866667866837e-01 8.493565988681897494e+00 6.618287866667866837e-01 -7.093078648736265279e+01 4.506473044232686576e+00 8.493565988681897494e+00 4.506473044232686576e+00 -1.225375776290274388e+01
-1.075782096726982502e+02 2.307148755578066357e+01 -1.412237962308782713e+01 2.307148755578066357e+01 -1.649998957732330211e+02 8.438364249266866679e+00 -1.412237962308782713e+01 8.438364249266866679e+00 -7.956745739616795277e+01
-8.010956256286715416e+01 3.527346016675807050e+01 -1.097194511340087253e+01 3.527346016675807050e+01 -9.248026271828162237e+01 -2.836076336261176323e+01 -1.097194511340087253e+01 -2.836076336261176323e+01 -5.316628259929231604e+01
-1.237731887092732279e+02 1.314829123478654260e+01 -2.013702454734239211e+01 1.314829123478654260e+01 -1.251986113086689869e+02 -1.163299268214142579e+01 -2.013702454734239211e+01 -1.163299268214142579e+01 -4.783672252262291380e+01
-1.462294107650342596e+02 -6.043094849808594127e+00 -8.603697352176952862e+00 -6.043094849808594127e+00 -1.536996744361264859e+02 -2.800645545066037201e+01 -8.603697352176952862e+00 -2.800645545066037201e+01 -1.179296755664427678e+02
-5.048214228034293427e+01 4.546512435724614498e+00 -1.035783883998145782e+01 4.546512435724614498e+00 -4.193518772112464887e+01 1.237530626110856780e+01 -1.035783883998145782e+01 1.237530626110856780e+01 -7.027480270754571734e+01
-5.497934914831277098e+01 1.634251671296015118e+01 -9.491771330383310001e+00 1.634251671296015118e+01 -1.038628909645216964e+02 3.386619929320160427e+00 -9.491771330383310001e+00 3.386619929320160427e+00 -1.033443470657443015e+02
-1.137258385575626818e+02 -3.272830918258463395e+00 -2.143188880542415475e+01 -3.272830918258463395e+00 -9.090724975038250477e+01 1.425333506442297837e+00 -2.143188880542415475e+01 1.425333506442297837e+00 -6.265370110252067093e+01
-1.566391062858551209e+02 4.483544998113843150e+01 -2.315578654469446107e+01 4.483544998113843150e+01 -1.270340007335580879e+02 -5.985280904997996920e+00 -2.315578654469446107e+01 -5.985280904997996920e+00 -1.755837901640388452e+02
-1.592041733633971887e+02 3.218070825341317942e+01 1.158167870466427019e+01 3.218070825341317942e+01 -1.543522861749304980e+02 -7.654533099434178034e+00 1.158167870466427019e+01 -7.654533099434178034e+00 -1.271200474716675473e+02
-9.877845080341015205e+01 4.875937958529976690e+00 -2.714597534200089513e+01 4.875937958529976690e+00 -9.200575568454245001e+01 1.958335587893744645e+01 -2.714597534200089513e+01 1.958335587893744645e+01 -7.790628007793115728e+01
-7.821084281204024080e+01 1.280371150969953931e+01 -4.225749293508915372e+00 1.280371150969953931e+01 -4.397551664866193022e+01 1.124061102380281785e+00 -4.225749293508915372e+00 1.124061102380281785e+00 -8.887658104451367080e+01
-1.231714360647811191e+02 -2.467828889900538414e+01 1.863003607629381264e+01 -2.467828889900538414e+01 -7.972294216400212008e+01 -2.549520357162611717e+01 1.863003607629381264e+01 -2.549520357162611717e+01 -5.308781105318896465e+01
-1.120446028517829973e+02 1.529511449690718372e+01 2.539741285494231349e+01 1.529511449690718372e+01 -9.117891300229027252e+01 -1.078320678251318832e+01 2.539741285494231349e+01 -1.078320678251318832e+01 -1.238171548090512459e+02
-8.707894564958449735e+01 2.013368381613878655e-01 -1.467122785360777826e+01 2.013368381613878655e-01 -7.764010826112361485e+01 -3.512942104337977867e+01 -1.467122785360777826e+01 -3.512942104337977867e+01 -8.016161372089639769e+01
-1.068215814016223817e+02 -6.020502658669180107e+00 -2.273635372017120915e+01 -6.020502658669180107e+00 -1.274029766548164844e+02 1.157123242859496237e+01 -2.273635372017120915e+01 1.157123242859496237e+01 -7.636123440632958648e+01
-9.004130569816271645e+01 2.360691100552135069e+01 1.792572369659463538e+00 2.360691100552135069e+01 -8.474018358313645649e+01 1.626877472992924822e+01 1.792572369659463538e+00 1.626877472992924822e+01 -6.610633381933178043e+01
-1.550931544116411374e+02 2.105089322653825867e+00 -8.877811423958872794e+00 2.105089322653825867e+00 -1.171211374133067267e+02 -2.000959235048980034e+01 -8.877811423958872794e+00 -2.000959235048980034e+01 -1.452437357108593119e+02
-1.221644354667137407e+02 -6.884998568568220456e+00 -1.828589417943526030e+01 -6.884998568568220456e+00 -8.948761921116707185e+01 3.501500710888735490e+00 -1.828589417943526030e+01 3.501500710888735490e+00 -7.375776928404965815e+01
-8.963183422949063583e+01 3.155773748567538917e+01 -4.581068028655182367e+00 3.155773748567538917e+01 -1.066664606421409331e+02 -9.996382363995403253e+00 -4.581068028655182367e+00 -9.996382363995403253e+00 -9.648105815897362447e+01
-6.038156631039117883e+01 -5.662381568309525770e-01 7.573213378884216418e+00 -5.662381568309525770e-01 -6.035285903347728009e+01 1.426835664547960825e+01 7.573213378884216418e+00 1.426835664547960825e+01 -1.068341648903696353e+02
-9.673990678955770761e+01 7.350031203084738118e-01 3.453906236943055763e+00 7.350031203084738118e-01 -9.468548412043629980e+01 1.319511620016558595e+01 3.453906236943055763e+00 1.319511620016558595e+01 -8.760250929991134683e+01
-6.933886188550737018e+01 -1.055500918253627418e+01 1.826579149996692575e+00 -1.055500918253627418e+01 -9.404040099075132275e+01 1.797001384017198333e+01 1.826579149996692575e+00 1.797001384017198333e+01 -7.909312625737403835e+01
-1.197100908207751360e+02 2.362923057222316547e+00 1.534001709090176968e+00 2.362923057222316547e+00 -1.232205262821398293e+02 -2.334167186466093113e+01 1.534001709090176968e+00 -2.334167186466093113e+01 -5.575448940781068785e+01
-1.441068762784382784e+02 -4.736107077170736090e+00 -3.500546652632783662e+01 -4.736107077170736090e+00 -1.329656041522991643e+02 -1.985539001208292476e+01 -3.500546652632783662e+01 -1.985539001208292476e+01 -6.964654516394935513e+01
-1.112636506771036835e+02 1.049170838454877019e+00 9.428030413205693350e+00 1.049170838454877019e+00 -1.127633442171226221e+02 1.326134433805262525e+01 9.428030413205693350e+00 1.326134433805262525e+01 -1.579613073166751747e+02
-7.610813532585946461e+01 2.565484108929689455e+01 9.437886639371773967e+00 2.565484108929689455e+01 -1.189819549853196463e+02 3.748156156227128832e+01 9.437886639371773967e+00 3.748156156227128832e+01 -9.832129551328762318e+01
-1.244374639884421185e+02 2.489623546375672447e+01 -1.780544617300779819e+01 2.489623546375672447e+01 -1.183089228870304197e+02 1.006121937905192532e+01 -1.780544617300779819e+01 1.006121937905192532e+01 -1.434887032935201603e+02
-1.273939125922823621e+02 3.277845451506363617e+01 -9.352718612334754766e+00 3.277845451506363617e+01 -1.366718274881322088e+02 -1.764085381436794364e+01 -9.352718612334754766e+00 -1.764085381436794364e+01 -1.198884882598298844e+02
-7.691935390413829055e+01 3.245578020172048639e+01 -1.761297739288292874e+01 3.245578020172048639e+01 -8.330517407284536091e+01 -1.393632299009941278e+01 -1.761297739288292874e+01 -1.393632299009941278e+01 -7.948914316276527359e+01
-8.662882819368304865e+01 -6.975177692410649222e+00 -5.362504359898755624e+00 -6.975177692410649222e+00 -1.062977891642320714e+02 1.058741941714742651e+01 -5.362504359898755624e+00 1.058741941714742651e+01 -8.728016615780379084e+01
-8.164834958176352586e+01 -5.280936706386867741e+00 -1.072939922054422013e+01 -5.280936706386867741e+00 -1.110983911395180286e+02 1.296857140175108114e+00 -1.072939922054422013e+01 1.296857140175108114e+00 -7.483267398573440232e+01
-1.235615417799856885e+02 -3.693001330615878430e+01 7.181684467385906601e+00 -3.693001330615878430e+01 -1.313228471840180305e+02 4.084413759441315683e+00 7.181684467385906601e+00 4.084413759441315683e+00 -9.425862959833818877e+01
-6.883232975326728820e+01 -5.438390428492593465e+00 4.841754519593592043e+00 -5.438390428492593465e+00 -9.381011250643224741e+01 -3.342229237981048318e+00 4.841754519593592043e+00 -3.342229237981048318e+00 -7.107900381570711090e+01
-1.332547616965491386e+02 2.324650328087321682e+01 -2.861217909536399873e+00 2.324650328087321682e+01 -1.248645809529260049e+02 1.423066472603581190e+01 -2.861217909536399873e+00 1.423066472603581190e+01 -1.425871342783769649e+02
-1.454035407232826174e+02 1.190500263291382144e+00 8.936049196676663087e+00 1.190500263291382144e+00 -2.301553517004999776e+02 -1.140464133318196627e+00 8.936049196676663087e+00 -1.140464133318196627e+00 -1.297427279075993169e+02
-1.135618395579929114e+02 3.887350582981950797e+00 -2.365750205731897182e+01 3.887350582981950797e+00 -1.176239054955386081e+02 -5.459414838202335751e+00 -2.365750205731897182e+01 -5.459414838202335751e+00 -1.275056254829770666e+02
-7.872654642746121567e+01 5.345115146331383471e+01 -9.313870266354994598e+00 5.345115146331383471e+01 -9.383810627606453636e+01 1.552949667516227272e+01 -9.313870266354994598e+00 1.552949667516227272e+01 -8.066209440518589702e+01
-1.268508874772008284e+02 2.490842210703413162e+00 -4.776297213939925257e+01 2.490842210703413162e+00 -9.359223085226128092e+01 -1.932088625617327438e+01 -4.776297213939925257e+01 -1.932088625617327438e+01 -9.570975856942388305e+01
-6.866595859017370174e+01 -1.667686525782264084e+01 -8.211205473127341392e+00 -1.667686525782264084e+01 -1.099608235453925857e+02 7.311152310949503352e+00 -8.211205473127341392e+00 7.311152310949503352e+00 -5.450394533035914435e+01
-1.500963061150034719e+02 2.274043392288856680e+01 -1.081134564638397855e+01 2.274043392288856680e+01 -1.220430211170406949e+02 3.029505334783354265e+00 -1.081134564638397855e+01 3.029505334783354265e+00 -1.247764779494505802e+02
-5.810521233053692924e+01 -1.037359454697463157e+01 6.956286931660722317e+00 -1.037359454697463157e+01 -8.401037229105327242e+01 4.152026580011092705e+01 6.956286931660722317e+00 4.152026580011092705e+01 -3.298214340719647453e+01
-1.060903828049781197e+02 -1.513337998566315623e-01 3.400644687503175501e+00 -1.513337998566315623e-01 -8.144424551646754651e+01 1.791357421780638859e+01 3.400644687503175501e+00 1.791357421780638859e+01 -6.166967477708741541e+01
-1.578649945248137101e+02 1.597751408287493291e+01 -4.374597527239548356e+01 1.597751408287493291e+01 -1.192162895624824728e+02 1.135679943537695102e+01 -4.374597527239548356e+01 1.135679943537695102e+01 -1.097996762839875373e+02
-6.736199921429972903e+01 -4.204937179579713025e+00 3.097046422798027621e+01 -4.204937179579713025e+00 -7.698942525748647370e+01 1.141613585148660093e+01 3.097046422798027621e+01 1.141613585148660093e+01 -8.236757892193683972e+01
-8.821303378205021772e+01 2.531503954657981481e+01 6.799803813645162620e+00 2.531503954657981481e+01 -7.192598965108362563e+01 4.608133704263675412e+00 6.799803813645162620e+00 4.608133704263675412e+00 -6.141566669394067191e+01
-1.181737805859850425e+02 2.927115436200698539e+01 7.435752370087120866e+00 2.927115436200698539e+01 -8.158732905428210813e+01 2.246851077410797259e+01 7.435752370087120866e+00 2.246851077410797259e+01 -6.581945960020344444e+01
-6.423036306324239320e+01 7.676509785540804209e+00 2.406410040551748608e+01 7.676509785540804209e+00 -8.561068715816323049e+01 1.746936413382219655e+01 2.406410040551748608e+01 1.746936413382219655e+01 -8.556443136948115580e+01
-7.132981600733745609e+01 6.136807221999499262e+01 2.132598222978236890e+01 6.136807221999499262e+01 -7.860757500657216212e+01 1.823224418471827590e+00 2.132598222978236890e+01 1.823224418471827590e+00 -8.227179890593707512e+01
-1.110129917253533023e+02 2.374882895295331142e+00 -1.480585697924119870e+01 2.374882895295331142e+00 -1.294432724906853593e+02 2.922593281523899300e+00 -1.480585697924119870e+01 2.922593281523899300e+00 -4.896989681593738197e+01
-5.269562310838631447e+01 2.780667188450480865e+01 -1.841118152707102595e+01 2.780667188450480865e+01 -9.164884116732399377e+01 1.116004732060082105e+01 -1.841118152707102595e+01 1.116004732060082105e+01 -8.849719397526473585e+01
-6.828061374785097826e+01 -1.874119149965111086e+00 3.620725919419513605e+00 -1.874119149965111086e+00 -8.926268623155638693e+01 -2.928241571132484111e+01 3.620725919419513605e+00 -2.928241571132484111e+01 -4.947278581003465803e+01
-1.001395920732277176e+02 3.148546655458182641e+01 -4.290880748049070803e+01 3.148546655458182641e+01 -9.698048347359150512e+01 2.921314492180135503e+01 -4.290880748049070803e+01 2.921314492180135503e+01 -1.811317099422123817e+02
-1.269896556069008824e+02 1.712480299097977010e+01 -1.652462958272565530e+01 1.712480299097977010e+01 -7.759144390808248204e+01 3.684160356837214767e+00 -1.652462958272565530e+01 3.684160356837214767e+00 -8.130795748004062773e+01
-1.997236676901956898e+01 2.673361980714953390e+01 -3.149726806174896510e+01 2.673361980714953390e+01 -5.678310624735010492e+01 1.900512071954431903e+01 -3.149726806174896510e+01 1.900512071954431903e+01 -7.622414784248833541e+01
-4.936129056069772503e+01 3.276146397973545277e+01 -1.864177216377798629e+01 3.276146397973545277e+01 -7.812268177086943410e+01 3.100959512589816214e+01 -1.864177216377798629e+01 3.100959512589816214e+01 -1.039170851899087040e+02
-1.405539042773716858e+02 3.436351335937369811e+01 -1.474711264944514078e+01 3.436351335937369811e+01 -1.423910618155601071e+02 -1.864972409170159651e+01 -1.474711264944514078e+01 -1.864972409170159651e+01 -1.273681688015520024e+02
-1.089319142264145199e+02 2.540268690323608691e+00 1.071691449769965487e+01 2.540268690323608691e+00 -9.116332377184441782e+01 -4.186122529667174241e+00 1.071691449769965487e+01 -4.186122529667174241e+00 -1.275759877884561320e+02
-2.783086443963973267e+01 -5.943179648011615024e-01 1.721644502111807640e+01 -5.943179648011615024e-01 -6.726966505918865913e+00 1.614630781064885667e+01 1.721644502111807640e+01 1.614630781064885667e+01 -9.008090777052878195e+00
-1.457137331138454499e+02 2.678206906434588319e+01 -1.984957758779892956e+01 2.678206906434588319e+01 -1.468849913355989258e+02 -1.809945597405472029e+01 -1.984957758779892956e+01 -1.809945597405472029e+01 -1.415700310484893407e+02
-6.948014116373863658e+01 3.236072972973394002e+01 1.777549235839929764e+01 3.236072972973394002e+01 -1.008770869961689272e+02 4.054232910532258671e+01 1.777549235839929764e+01 4.054232910532258671e+01 -1.232647711155865409e+02
-1.246057285040724736e+02 4.080198644537284025e+01 -7.142803029737716969e+00 4.080198644537284025e+01 -1.589612825535349998e+02 7.790595094310593716e+00 -7.142803029737716969e+00 7.790595094310593716e+00 -1.141140857937579938e+02
-1.005933674312471027e+02 2.975970066335302988e+01 1.697205388591953934e+01 2.975970066335302988e+01 -1.001334533141827450e+02 4.236633550537452919e+01 1.697205388591953934e+01 4.236633550537452919e+01 -1.180969165313134681e+02
-9.729856517245923442e+01 1.421501618513809007e+01 -1.750625116206926846e+00 1.421501618513809007e+01 -1.138060962901073623e+02 -9.909501206738918766e-01 -1.750625116206926846e+00 -9.909501206738918766e-01 -1.322728733474477281e+02
-1.221149415310002126e+02 2.251763306492991390e+00 1.747863667386744169e+01 2.251763306492991390e+00 -6.865715926098698674e+01 3.643727938144863288e+01 1.747863667386744169e+01 3.643727938144863288e+01 -6.764938533608354021e+01
-1.021134507845958552e+02 -1.330325799073414084e+00 1.115421351400799566e+01 -1.330325799073414084e+00 -1.464996676210337796e+02 2.524708987828055307e+00 1.115421351400799566e+01 2.524708987828055307e+00 -9.575610726932883665e+01
-1.020845403757480483e+02 3.342782505222059797e+01 2.378229328447959290e+01 3.342782505222059797e+01 -1.328964255103446988e+02 9.045079625818198465e+00 2.378229328447959290e+01 9.045079625818198465e+00 -1.099952885180619262e+02
-1.324097623794835954e+02 -2.642968937845874500e+00 9.810919344628354466e+00 -2.642968937845874500e+00 -8.368842243069742892e+01 -3.221374901158355897e+00 9.810919344628354466e+00 -3.221374901158355897e+00 -1.190347010683859281e+02
-9.388321862032671561e+01 1.717219000561952669e+01 -6.251173988136845772e+00 1.717219000561952669e+01 -1.125267543154806873e+02 8.029270789268764474e+00 -6.251173988136845772e+00 8.029270789268764474e+00 -8.335441574822495170e+01
-7.044250695577441945e+01 -9.950093229093619485e+00 1.945765921281833499e+01 -9.950093229093619485e+00 -7.185933361246867435e+01 9.794956178329256247e+00 1.945765921281833499e+01 9.794956178329256247e+00 -1.153677160511175259e+02
-8.741234649997342387e+01 3.267594263550012101e+01 4.318935431806402825e+00 3.267594263550012101e+01 -1.069590856841397226e+02 7.958876919429043184e+00 4.318935431806402825e+00 7.958876919429043184e+00 -9.966215159035790805e+01
-1.022708971247140113e+02 -2.296737963959366624e+01 2.894564943825662695e+01 -2.296737963959366624e+01 -1.084031892940178494e+02 1.546814395824008415e+01 2.894564943825662695e+01 1.546814395824008415e+01 -8.489686932398332431e+01
-1.174942345200411040e+02 2.395535736478869637e+01 1.196395009464377779e+01 2.395535736478869637e+01 -5.608173775338467948e+01 2.147215525667177438e+00 1.196395009464377779e+01 2.147215525667177438e+00 -1.080816146422717310e+02
-8.622489448844697790e+01 3.327905102019263950e+01 1.923625227775445268e+01 3.327905102019263950e+01 -1.021706756977083899e+02 2.213524992693163185e+01 1.923625227775445268e+01 2.213524992693163185e+01 -9.126509745265066442e+01
-7.516419319294615775e+01 2.377414967943038704e+01 3.715385731532685298e+01 2.377414967943038704e+01 -7.584733123222248707e+01 1.334669233285564083e+01 3.715385731532685298e+01 1.334669233285564083e+01 -9.204353618783711966e+01
-1.233005483001847580e+02 7.547032778130565056e+00 3.979417459232634346e+00 7.547032778130565056e+00 -1.334424759675745804e+02 -3.202648656910783842e+01 3.979417459232634346e+00 -3.202648656910783842e+01 -8.553149726830363875e+01
-7.330274280641233986e+01 -3.121977456696650721e-01 6.241476856530522532e+00 -3.121977456696650721e-01 -6.592576836689229935e+01 1.449491926248480667e+01 6.241476856530522532e+00 1.449491926248480667e+01 -8.048585123374589045e+01
-1.151551344094724811e+02 -3.198530449684990007e+00 -1.213372969958560699e+00 -3.198530449684990007e+00 -7.607549904969781096e+01 -2.652306184830462499e+01 -1.213372969958560699e+00 -2.652306184830462499e+01 -1.165431445867470188e+02
-9.837188300136710950e+01 -5.372353458628559286e-01 -4.048711922026609678e+00 -5.372353458628559286e-01 -1.452032040171616813e+02 -2.475968294853366558e+01 -4.048711922026609678e+00 -2.475968294853366558e+01 -8.849216913268936935e+01
-9.767340391915816156e+01 1.798223459332299967e+01 1.378372407030359170e+01 1.798223459332299967e+01 -9.962229598490141314e+01 5.440434246300187482e+01 1.378372407030359170e+01 5.440434246300187482e+01 -1.126218348245201213e+02
-1.255758990933830006e+02 4.024355232216274914e+01 -2.813042447713616667e+01 4.024355232216274914e+01 -1.227910076261818375e+02 -1.135327822730475589e+01 -2.813042447713616667e+01 -1.135327822730475589e+01 -1.213033507987272088e+02
-1.288763327904837013e+02 1.799563671903694839e+01 -3.637815144285008984e+01 1.799563671903694839e+01 -1.460832191559002808e+02 1.146976573665122956e+01 -3.637815144285008984e+01 1.146976573665122956e+01 -1.918827584958970647e+02
-9.144420050789685206e+01 5.068351755574996176e+00 5.952631901271559833e+00 5.068351755574996176e+00 -1.103032395844669225e+02 -3.779626943826697527e+01 5.952631901271559833e+00 -3.779626943826697527e+01 -4.440765209193879315e+01
-9.254141332147510468e+01 -1.468042810108506657e+01 -5.593040268077157151e+00 -1.468042810108506657e+01 -9.985807335880775781e+01 -1.226778506659871582e+01 -5.593040268077157151e+00 -1.226778506659871582e+01 -7.694235999568438444e+01
1.803839064554527738e+01 7.082334624016480618e+00 2.375614399353530359e+01 7.082334624016480618e+00 -5.760214387777624268e+01 3.029102201896494151e+01 2.375614399353530359e+01 3.029102201896494151e+01 -2.636121177077238897e+01
-1.058276688129701597e+02 -7.529452702001742992e+00 2.496740266043251211e+01 -7.529452702001742992e+00 -6.387926326126959253e+01 -2.822222000170573253e+01 2.496740266043251211e+01 -2.822222000170573253e+01 -6.477186087055027031e+01
-1.130970136191284183e+02 5.109158568312933113e+01 -3.091354350366597359e+01 5.109158568312933113e+01 -1.130902435728703352e+02 3.428766496437160693e+00 -3.091354350366597359e+01 3.428766496437160693e+00 -1.905748388109659857e+02
-1.654116548943987937e+02 2.929533266226934529e+01 -3.265901828350879299e+01 2.929533266226934529e+01 -1.717021779309138481e+02 -1.809757891280087960e-02 -3.265901828350879299e+01 -1.809757891280087960e-02 -1.456587658161736556e+02
-1.127844816476076204e+02 1.582703175710212129e+01 -1.216557126660236499e+01 1.582703175710212129e+01 -1.190115358822800857e+02 5.637199037730837148e+01 -1.216557126660236499e+01 5.637199037730837148e+01 -7.435997172068110217e+01
-4.786471985597334111e+01 1.052434415160783487e+01 2.837748636452826290e+01 1.052434415160783487e+01 -1.208083401672290904e+02 -3.303946046787803681e+01 2.837748636452826290e+01 -3.303946046787803681e+01 -8.210321263746907050e+01
-1.150830134090920183e+02 1.734354451942730435e+01 -1.980409690781200993e+01 1.734354451942730435e+01 -1.241355452786405493e+02 -1.879476003795350181e+01 -1.980409690781200993e+01 -1.879476003795350181e+01 -1.118690856606380919e+02
-8.159740775828056769e+01 6.923597708829577257e+00 -1.526279615531374567e+01 6.923597708829577257e+00 -6.081899056593696429e+01 1.590918131487577725e+01 -1.526279615531374567e+01 1.590918131487577725e+01 -8.481000725807399476e+01
-1.474480730563643078e+02 2.824314411820499870e+01 -3.450277964595927216e+01 2.824314411820499870e+01 -1.364692868768938752e+02 -4.260999047822616070e+00 -3.450277964595927216e+01 -4.260999047822616070e+00 -1.144884218016480730e+02
-7.044710338851926679e+01 3.237326969020964640e+01 -2.481057793457824445e+01 3.237326969020964640e+01 -1.079209278641604328e+02 -3.683207062235149376e+00 -2.481057793457824445e+01 -3.683207062235149376e+00 -5.745763943462956291e+01
-1.342683162268246519e+02 -6.042943391787705121e-01 9.800884168901459192e-01 -6.042943391787705121e-01 -1.456534833676871301e+02 1.853803920164942332e+00 9.800884168901459192e-01 1.853803920164942332e+00 -9.336183138357732503e+01
-1.109586987340636028e+02 4.042147858676933225e+01 1.213034620376433814e+01 4.042147858676933225e+01 -1.323464519085468680e+02 -1.085595652459379501e+01 1.213034620376433814e+01 -1.085595652459379501e+01 -9.477450859960183038e+01
-1.194699929477283717e+02 3.229631196066129206e+01 -1.098123063556219137e+01 3.229631196066129206e+01 -1.244658599491215085e+02 -8.292229914174396033e-01 -1.098123063556219137e+01 -8.292229914174396033e-01 -8.926098150152968458e+01
-1.302356909284755204e+02 5.683193173136136700e+00 -1.490095250680706762e+01 5.683193173136136700e+00 -1.319261772828890003e+02 -4.939141467012298392e+01 -1.490095250680706762e+01 -4.939141467012298392e+01 -8.091957456800479065e+01
-1.185188584679575712e+02 9.805537621136533488e+00 3.292552381706488518e+01 9.805537621136533488e+00 -5.872508928182786292e+01 7.763508800047155489e+00 3.292552381706488518e+01 7.763508800047155489e+00 -1.280875345812197565e+02
-1.207747880155058340e+02 -1.298083619227623764e+01 8.186461814437418383e+00 -1.298083619227623764e+01 -7.826627924774983569e+01 -5.110598361351171848e-01 8.186461814437418383e+00 -5.110598361351171848e-01 -5.050760962836628210e+01
-6.979378679717774503e+01 1.788229750011459274e+01 -1.322618367669239170e+01 1.788229750011459274e+01 -1.088213844901418383e+02 1.388102859401277733e+01 -1.322618367669239170e+01 1.388102859401277733e+01 -8.702793382449523563e+01
-1.045638552310297058e+02 4.450115641935579447e+01 -3.465340197494467134e+01 4.450115641935579447e+01 -1.356147479954740049e+02 -3.555906595678037263e+01 -3.465340197494467134e+01 -3.555906595678037263e+01 -1.333610310077871759e+02
-6.815004675179292803e+01 2.174369683306024115e+01 1.897182006450111658e+01 2.174369683306024115e+01 -9.643761821672359247e+01 -1.606573825276705847e+01 1.897182006450111658e+01 -1.606573825276705847e+01 -1.038887403940397576e+02
-9.631972151140462302e+01 -1.428929196223588605e+01 -3.146201627102490406e+01 -1.428929196223588605e+01 -9.790217425955022179e+01 1.997670686860974243e+01 -3.146201627102490406e+01 1.997670686860974243e+01 -1.255325469713299924e+02
-5.501104842115527305e+01 3.606858804853870026e+01 5.315078908013362913e+00 3.606858804853870026e+01 -1.548477002702321670e+02 -1.378969253453179533e+01 5.315078908013362913e+00 -1.378969253453179533e+01 -8.318750111811523595e+01
-3.653701792464645592e+01 -1.560212728723653441e+01 -6.703518513323603933e+00 -1.560212728723653441e+01 -1.122771838250703524e+02 2.120045611303131849e+01 -6.703518513323603933e+00 2.120045611303131849e+01 -9.446278177382903607e+01
-1.121365325248853395e+02 4.470096391333314934e+00 -1.232791924646881310e-01 4.470096391333314934e+00 -9.317981397054768422e+01 2.436308999356045746e+01 -1.232791924646881310e-01 2.436308999356045746e+01 -7.052079649770141145e+01
-5.042091785727372866e+01 2.332694072663259011e+00 2.014586231377473169e+01 2.332694072663259011e+00 -7.134509952167726965e+01 -4.988379629584001940e+00 2.014586231377473169e+01 -4.988379629584001940e+00 -6.996137598822082282e+01
-1.194434007375297142e+02 -4.591604415883137058e+00 2.362253994596931150e+01 -4.591604415883137058e+00 -1.064950104170460179e+02 -9.694417325858028178e+00 2.362253994596931150e+01 -9.694417325858028178e+00 -1.271963940235551576e+02
-3.465882188113082663e+01 8.061298178731318487e+00 1.632501249311741987e+01 8.061298178731318487e+00 -5.843988568285261920e+01 -9.976783186989790053e+00 1.632501249311741987e+01 -9.976783186989790053e+00 -3.711483205619664005e+01
-1.080158663335769234e+02 -1.663275355470351613e+01 -3.793712361583457593e+00 -1.663275355470351613e+01 -1.095486955793995207e+02 -1.894705247798940562e+01 -3.793712361583457593e+00 -1.894705247798940562e+01 -5.589388271549276510e+01
-9.855315483365191653e+01 4.532506259786178937e+00 -2.394503429154646668e+01 4.532506259786178937e+00 -1.364174123774638190e+02 -1.476825924377677346e+01 -2.394503429154646668e+01 -1.476825924377677346e+01 -9.178517909580484968e+01
-7.502472275622150732e+01 -7.154328094197826893e+00 -1.542657369525634969e+01 -7.154328094197826893e+00 -1.000613427504054300e+02 1.559321162810773931e+00 -1.542657369525634969e+01 1.559321162810773931e+00 -1.273701123006939753e+02
-1.417748455664513756e+02 -1.255780146692008259e+01 -1.780729930643985170e+01 -1.255780146692008259e+01 -1.783883161908757131e+02 -1.905905326619943096e+01 -1.780729930643985170e+01 -1.905905326619943096e+01 -1.767455434404142238e+02
-1.089690293326224548e+02 2.996117394100886244e+01 -8.220490740737368185e+00 2.996117394100886244e+01 -1.109774477097418668e+02 -4.793288894748941686e+01 -8.220490740737368185e+00 -4.793288894748941686e+01 -8.829561785888549252e+01
-1.080622733257285830e+02 3.532344691377990120e+00 3.760295376598161154e-01 3.532344691377990120e+00 -1.010211062645461766e+02 1.756883641636481030e+01 3.760295376598161154e-01 1.756883641636481030e+01 -1.087839761408413324e+02
-7.547257521469460073e+01 -3.415206599830191436e+01 -1.044067695900974257e+01 -3.415206599830191436e+01 -1.002683105177770386e+02 -2.020105056197109761e+01 -1.044067695900974257e+01 -2.020105056197109761e+01 -8.239176613149456330e+01
-1.135876004036600904e+02 8.227394680976944485e+00 -7.449606324350780184e+00 8.227394680976944485e+00 -1.394988135939860854e+02 -1.145085792096449673e+01 -7.449606324350780184e+00 -1.145085792096449673e+01 -1.247686891889074587e+02
-1.302928679859444969e+02 2.226323220913404199e+01 -1.408985560404753556e+01 2.226323220913404199e+01 -1.229734012660264142e+02 7.953247517526595090e+00 -1.408985560404753556e+01 7.953247517526595090e+00 -1.568158980153371544e+02
-5.185858004661638176e+01 -1.192152784847363023e+01 2.735968210037253101e+01 -1.192152784847363023e+01 -1.299941044394520304e+02 2.415571647142364053e+00 2.735968210037253101e+01 2.415571647142364053e+00 -1.009038764836216870e+02
-1.359523021048021008e+02 2.182590366487541189e+01 -4.088106560541883283e+01 2.182590366487541189e+01 -9.717787807583775361e+01 3.031891829545101658e+01 -4.088106560541883283e+01 3.031891829545101658e+01 -1.375073608061678669e+02
-8.793884665404645773e+01 2.186594127450826974e+01 4.034529622046739661e+01 2.186594127450826974e+01 -8.309980590581537285e+01 9.376699635343028305e+00 4.034529622046739661e+01 9.376699635343028305e+00 -8.192191942287541906e+01
-5.830737849681941753e+01 -1.240318828272208584e+01 7.747387557393483171e+00 -1.240318828272208584e+01 -1.327744893305156495e+02 1.318796152689983181e+00 7.747387557393483171e+00 1.318796152689983181e+00 -6.230379412791911165e+01
-7.510105963515987071e+01 1.381035497229918008e+01 1.627421703662942321e+01 1.381035497229918008e+01 -9.270732552858270026e+01 1.211435401861754002e+01 1.627421703662942321e+01 1.211435401861754002e+01 -1.081795316163981653e+02
-1.042426300782124713e+02 -1.158916047634488677e+01 1.455155972582263679e+01 -1.158916047634488677e+01 -1.175218798089496914e+02 1.253219386113285339e+01 1.455155972582263679e+01 1.253219386113285339e+01 -1.160258932994487537e+02
-1.098963451931115998e+02 -1.330661883149010372e+01 1.060175523701367872e+01 -1.330661883149010372e+01 -1.099581092649275007e+02 3.033280585048569122e+00 1.060175523701367872e+01 3.033280585048569122e+00 -6.300154672073037432e+01
-8.595487029233164833e+01 3.331173693385693468e+01 -5.319572247483498328e-01 3.331173693385693468e+01 -1.049557560419708864e+02 3.327090919700250282e+01 -5.319572247483498328e-01 3.327090919700250282e+01 -8.076246856296887700e+01
-8.608676350063984728e+01 -2.241253647151076667e+00 2.190929746938201461e+01 -2.241253647151076667e+00 -1.600441226373091297e+01 9.682339375983850971e+00 2.190929746938201461e+01 9.682339375983850971e+00 -7.892208102339043307e+01
-7.315713361064271680e+01 -6.088178429774361078e+00 3.556418065596310640e+01 -6.088178429774361078e+00 -1.118465583800790597e+02 -4.261745672227774406e+01 3.556418065596310640e+01 -4.261745672227774406e+01 -8.408642890901516864e+01
-1.098667024401863301e+02 1.864051289851859394e+01 1.228675066542955285e+01 1.864051289851859394e+01 -1.536977332279461734e+02 9.812779860047980307e+00 1.228675066542955285e+01 9.812779860047980307e+00 -6.745393957855650058e+01
-6.382208951296745170e+01 1.923526410962488598e+01 -9.566339077817174186e+00 1.923526410962488598e+01 -7.633033620641435846e+01 -1.940681895530231316e+01 -9.566339077817174186e+00 -1.940681895530231316e+01 -4.105168242957192604e+01
-1.217219489495521572e+02 3.166390955831849752e+01 2.578850266545569525e+01 3.166390955831849752e+01 -1.096218139117561634e+02 -1.005712848518015079e+01 2.578850266545569525e+01 -1.005712848518015079e+01 -1.036336743957084536e+02
-1.465995884229592718e+02 -3.228919547008988200e+00 -2.147832863469294651e+01 -3.228919547008988200e+00 -1.711268670568047128e+02 1.388262437608496658e+00 -2.147832863469294651e+01 1.388262437608496658e+00 -1.116587455977022216e+02
-1.958403451269154516e+01 -1.287871657625926147e+01 -3.023710983641347383e+00 -1.287871657625926147e+01 -2.471052552963293181e+01 2.230338945787583782e+01 -3.023710983641347383e+00 2.230338945787583782e+01 -3.975441266174662758e+01
-1.708481517158033114e+02 2.965434773677919722e+01 -5.288104616319994733e+01 2.965434773677919722e+01 -1.384622382081893477e+02 6.406715520909936679e+00 -5.288104616319994733e+01 6.406715520909936679e+00 -2.030304119684658417e+02
-1.352564446463866830e+02 -3.231019849749078965e+00 1.035460629307848635e+01 -3.231019849749078965e+00 -1.141152160015104755e+02 3.052037986374724809e+01 1.035460629307848635e+01 3.052037986374724809e+01 -1.138118827501591852e+02
-8.890965998537839710e+01 -1.082618267775129084e+01 2.072000963391163353e+00 -1.082618267775129084e+01 -1.122448043911659710e+02 -8.097045580827940015e+00 2.072000963391163353e+00 -8.097045580827940015e+00 -7.241245117731861569e+01
-7.190067121556822372e+01 -3.190570630671216268e+00 -1.647353197384977008e+01 -3.190570630671216268e+00 -1.228654310430310943e+02 8.361621870114589683e+00 -1.647353197384977008e+01 8.361621870114589683e+00 -1.064095954752522459e+02
-8.482148879426256372e+01 4.602888394811173356e+01 1.217342035580254667e+01 4.602888394811173356e+01 -5.781431060080942785e+01 1.539917710296356113e+01 1.217342035580254667e+01 1.539917710296356113e+01 -5.341584825322804875e+00
-7.112912623856951200e+01 -9.461083644389561842e-01 -1.342814976565653140e+01 -9.461083644389561842e-01 -1.149515862842061011e+02 -1.505726354814679091e+01 -1.342814976565653140e+01 -1.505726354814679091e+01 -1.257577658120456476e+02
-1.226887332429771362e+02 -1.182377785999712438e+00 3.109742652314116995e+01 -1.182377785999712438e+00 -7.951062729211489000e+01 -9.303758725239413607e+00 3.109742652314116995e+01 -9.303758725239413607e+00 -8.778115874474876534e+01
-7.108930601574310515e+01 3.580016039814944317e+00 1.953391896271412875e+01 3.580016039814944317e+00 -8.295748424002856325e+01 -1.888130162378163890e+00 1.953391896271412875e+01 -1.888130162378163890e+00 -1.135399980386242333e+02
-1.366898891753123451e+02 4.655631550537540875e+01 -3.506832338685579487e+01 4.655631550537540875e+01 -1.661538368703461117e+02 1.405780454131449275e+01 -3.506832338685579487e+01 1.405780454131449275e+01 -1.535071791826669028e+02
-1.223711043908643177e+02 2.838505773826492984e+01 7.067829018436055044e+00 2.838505773826492984e+01 -1.352855882242212715e+02 -2.172449501062707711e+01 7.067829018436055044e+00 -2.172449501062707711e+01 -1.677948323436616249e+02
-1.539693371694020527e+02 1.981817843093394416e+01 -4.196281391868607358e+01 1.981817843093394416e+01 -1.566606168885394652e+02 7.876318552274637064e+00 -4.196281391868607358e+01 7.876318552274637064e+00 -1.576979742559163071e+02
-7.216619978125174839e+01 1.470225969295319679e+01 -5.269748158739557375e+00 1.470225969295319679e+01 -9.342200323703917775e+01 2.587548258861487227e+01 -5.269748158739557375e+00 2.587548258861487227e+01 -2.755887765303523196e+01
-1.064615272487238542e+02 2.302051009511630397e+01 1.999342936142364735e+01 2.302051009511630397e+01 -5.674304954637008080e+01 -1.094265185940448326e+01 1.999342936142364735e+01 -1.094265185940448326e+01 -8.747706794874174818e+01
