1.121233595824400169e+02 7.104114573080997808e+00 -1.514222174650402319e+00 7.104114573080997808e+00 1.416416839997151271e+02 -5.409357033969983242e+00 -1.514222174650402319e+00 -5.409357033969983242e+00 1.494498124214845802e+02
9.313130011684474141e+01 -2.190487565327733366e-01 9.916332285888762144e+00 -2.190487565327733366e-01 7.551681257641494938e+01 1.140817190841996620e+01 9.916332285888762144e+00 1.140817190841996620e+01 8.513912036008413509e+01
5.218097672262090470e+01 -5.709823439796339883e+00 1.521600530099642512e+01 -5.709823439796339883e+00 7.927639794345222413e+01 6.247399343148599904e+00 1.521600530099642512e+01 6.247399343148599904e+00 1.034078237531287243e+02
1.054682689786341570e+02 7.957870496261473470e+00 2.858015892333941821e+00 7.957870496261473470e+00 1.247203141063856719e+02 5.507265200576797248e+00 2.858015892333941821e+00 5.507265200576797248e+00 1.373683912203365480e+02
7.736966626458035989e+01 5.394291353081253959e+00 1.861762298885371703e+00 5.394291353081253959e+00 7.563745003394409139e+01 1.023962981507589198e+01 1.861762298885371703e+00 1.023962981507589198e+01 1.195824231541914742e+02
1.392812734207984136e+02 1.007656153405118893e+01 -7.753174827328225271e-01 1.007656153405118893e+01 1.302898915423197934e+02 -3.434166941911295901e+00 -7.753174827328225271e-01 -3.434166941911295901e+00 1.455200967210337808e+02
8.110948709603515283e+01 1.604695281133045981e+01 9.980781642714816604e-01 1.604695281133045981e+01 9.878234752214464720e+01 2.767549482386699733e+00 9.980781642714816604e-01 2.767549482386699733e+00 1.331144701110283108e+02
4.846925167583207639e+01 -4.900957109735076117e-02 -9.352370315299416426e-01 -4.900957109735076117e-02 7.103784283309197178e+01 -5.055445327083579521e+00 -9.352370315299416426e-01 -5.055445327083579521e+00 6.928770251384710832e+01
2.380319073818834852e+01 -2.415422203505141141e+00 4.435838879273927837e+00 -2.415422203505141141e+00 3.913334514540475340e+01 -8.123658683952225346e+00 4.435838879273927837e+00 -8.123658683952225346e+00 4.735008096362827956e+01
1.614933596343872466e+02 -1.081576636071832276e+01 -1.174584162774315921e+01 -1.081576636071832276e+01 1.593042656123941470e+02 1.618434423045562509e+00 -1.174584162774315921e+01 1.618434423045562509e+00 1.751039421645272682e+02
9.046117023578429439e+01 -3.074445076111056441e+00 2.997009936822674803e+01 -3.074445076111056441e+00 1.363574674482458136e+02 1.475216836493085326e+00 2.997009936822674803e+01 1.475216836493085326e+00 1.312709509589344066e+02
3.001196671974076224e+01 -2.689675569346801007e-02 1.184987749239822197e+00 -2.689675569346801007e-02 4.233033216193269510e+01 -4.634928937426342266e+00 1.184987749239822197e+00 -4.634928937426342266e+00 5.997909737327711355e+01
1.491030992066611702e+02 1.477584172105810900e+01 -3.447342285475911261e+00 1.477584172105810900e+01 2.052177355451038352e+02 1.308610724843984841e+01 -3.447342285475911261e+00 1.308610724843984841e+01 1.596064911361832799e+02
1.086233132784376778e+02 1.271844591061798013e+01 -1.213443232789001236e+01 1.271844591061798013e+01 1.251430279111386596e+02 1.113324434924422590e+01 -1.213443232789001236e+01 1.113324434924422590e+01 1.273132131199294435e+02
1.175722626651661358e+02 -1.217755894739214861e+00 3.423260864706101358e+01 -1.217755894739214861e+00 1.401281276270467799e+02 -2.474285283184679773e+00 3.423260864706101358e+01 -2.474285283184679773e+00 1.402026327212853971e+02
1.867241298362269788e+02 -5.516494247718816801e+00 -6.391281953362902613e+00 -5.516494247718816801e+00 2.144220911602001252e+02 1.335024119807640730e+01 -6.391281953362902613e+00 1.335024119807640730e+01 2.053273317437382275e+02
1.049314166139962339e+02 -2.617847758112753276e+00 6.952303001022238860e+00 -2.617847758112753276e+00 9.807524770934689684e+01 8.140425365435614680e+00 6.952303001022238860e+00 8.140425365435614680e+00 1.367003712114247094e+02
5.056370393963537424e+01 9.981801586313840957e+00 -2.218374918042408606e+00 9.981801586313840957e+00 5.360845909494992867e+01 -1.553323295233061963e+01 -2.218374918042408606e+00 -1.553323295233061963e+01 6.771716839781058184e+01
1.814898263800737368e+02 -1.817691226398625659e+01 -2.116561292791486792e+01 -1.817691226398625659e+01 1.783935993668367246e+02 7.786409615119405103e+00 -2.116561292791486792e+01 7.786409615119405103e+00 1.986409170015685390e+02
1.450990976152280041e+02 7.596010172900464319e+00 -1.669667060476568921e+01 7.596010172900464319e+00 1.192751154627772365e+02 -1.199884723483387283e+01 -1.669667060476568921e+01 -1.199884723483387283e+01 1.307615941653188258e+02
1.425541115552353801e+02 -5.212400909158177775e+00 6.357517958399621083e-01 -5.212400909158177775e+00 1.708292164373216337e+02 1.385667055209458809e+01 6.357517958399621083e-01 1.385667055209458809e+01 1.667144985500511041e+02
1.759584000949235758e+02 -1.562818554615095223e+00 -2.380968120798544518e+01 -1.562818554615095223e+00 1.727989941321662286e+02 1.503028664131683123e-01 -2.380968120798544518e+01 1.503028664131683123e-01 1.758307067331486451e+02
2.651484289026595320e+01 -1.443082521814059049e+00 -3.973988173434569671e+00 -1.443082521814059049e+00 1.562670770349080840e+01 8.515740855516517271e+00 -3.973988173434569671e+00 8.515740855516517271e+00 3.237896221252621132e+01
2.222825590292686400e+02 1.554195121369690114e+01 -1.227608650868822515e+01 1.554195121369690114e+01 2.104144222991689333e+02 1.656653512815246643e+01 -1.227608650868822515e+01 1.656653512815246643e+01 2.253905913607541436e+02
4.718333255282155747e+00 -5.191428525522801429e+00 -1.405611616409135678e+00 -5.191428525522801429e+00 3.711677140413154774e+01 -3.089047662177599740e+00 -1.405611616409135678e+00 -3.089047662177599740e+00 3.550388435415771937e+01
5.422020554116132729e+01 -5.528068402724271913e+00 5.202651345703149133e+00 -5.528068402724271913e+00 5.194645936893228821e+01 1.157519835406004383e+01 5.202651345703149133e+00 1.157519835406004383e+01 6.071376121275914528e+01
1.005705230959709837e+02 -2.231118831499382082e+01 2.288295555357674260e+01 -2.231118831499382082e+01 1.526247539994477620e+02 5.846260557216678144e-01 2.288295555357674260e+01 5.846260557216678144e-01 1.427637251905527478e+02
9.887658580838295563e+01 3.658846329122442675e+00 2.289876779385387806e+01 3.658846329122442675e+00 1.109133802383402099e+02 1.089365355924007339e+01 2.289876779385387806e+01 1.089365355924007339e+01 1.047019343152545900e+02
2.202176064188150804e+02 -5.921516846100187692e+00 -1.640355449873515781e+01 -5.921516846100187692e+00 2.068662142792616123e+02 -2.798549722786868976e+00 -1.640355449873515781e+01 -2.798549722786868976e+00 2.249969779356569575e+02
2.044243399348982564e+02 -3.083714616438924239e+01 -2.112302665852937977e+01 -3.083714616438924239e+01 2.054453643578957838e+02 -2.126973149064602886e+00 -2.112302665852937977e+01 -2.126973149064602886e+00 2.619081732423850326e+02
6.636906188543889584e+01 1.114264593248759638e+01 -3.283284505579928236e+00 1.114264593248759638e+01 6.343289462221389385e+01 -1.573187319542246954e+01 -3.283284505579928236e+00 -1.573187319542246954e+01 7.640898435876435713e+01
9.427597057877702014e+01 4.575037053864472014e+00 1.874863115843007577e+00 4.575037053864472014e+00 1.071556961988830494e+02 6.976089455774864945e+00 1.874863115843007577e+00 6.976089455774864945e+00 1.116284585966448759e+02
1.268241615100973121e+02 7.864169890043229749e+00 -8.112769722370979153e+00 7.864169890043229749e+00 1.421784367968905087e+02 -2.825638896295462388e+00 -8.112769722370979153e+00 -2.825638896295462388e+00 1.053284465323877299e+02
2.881758314513711028e+01 8.333568583557093845e+00 -7.611925147401524150e+00 8.333568583557093845e+00 3.308656403233305809e+01 -6.905704007319793725e+00 -7.611925147401524150e+00 -6.905704007319793725e+00 4.471751118057359520e+01
8.845482187342865643e+01 1.895714367929487665e+01 1.178611289933810724e+01 1.895714367929487665e+01 1.206094525820022199e+02 -4.604265795670186456e+00 1.178611289933810724e+01 -4.604265795670186456e+00 1.047421412202798905e+02
1.840948659980627156e+02 -1.840281883828011722e+00 -2.341933055545039366e+01 -1.840281883828011722e+00 1.867661242552869680e+02 -8.902814382486329947e+00 -2.341933055545039366e+01 -8.902814382486329947e+00 1.626121956838802873e+02
7.340496454435458418e+01 -7.422398968325903290e+00 -9.504213021141344697e+00 -7.422398968325903290e+00 5.616097551972433166e+01 -4.582752864762597689e+00 -9.504213021141344697e+00 -4.582752864762597689e+00 7.062666115538696943e+01
2.171908226756748661e+02 -1.853682353729076748e+00 -1.676612237224929913e+01 -1.853682353729076748e+00 2.077356783457381368e+02 1.633563000731740189e+01 -1.676612237224929913e+01 1.633563000731740189e+01 2.103443684897588923e+02
1.130791072189463335e+02 -2.628783942425076070e+00 5.995328863692632737e-01 -2.628783942425076070e+00 1.285289601822080385e+02 -7.299134063787907856e+00 5.995328863692632737e-01 -7.299134063787907856e+00 1.243635052158044800e+02
1.530376646516116637e+02 3.958408977385377447e+00 3.307377336200619311e+01 3.958408977385377447e+00 1.425888521050781321e+02 1.429157254288748069e+00 3.307377336200619311e+01 1.429157254288748069e+00 1.560226623059645590e+02
1.340878333226624761e+02 1.602870298231928459e+01 1.330121684236270596e+01 1.602870298231928459e+01 1.498433829666990107e+02 5.812096964579634317e+00 1.330121684236270596e+01 5.812096964579634317e+00 1.768707945323110948e+02
1.244143564864127569e+02 5.297690621844045822e+00 -5.358429466485321591e+00 5.297690621844045822e+00 1.522423096821109709e+02 -1.016653571799183631e+01 -5.358429466485321591e+00 -1.016653571799183631e+01 1.262513557535067150e+02
9.279542599084791732e+01 -5.556523294944404334e+00 -1.368691695395203389e+01 -5.556523294944404334e+00 1.168613597014987562e+02 -1.723863898064679878e+00 -1.368691695395203389e+01 -1.723863898064679878e+00 1.197441476978155066e+02
1.974012343104927538e+02 -1.255163792407389600e+01 -4.037025957560009815e+00 -1.255163792407389600e+01 1.929173610112058839e+02 9.415419745737629853e+00 -4.037025957560009815e+00 9.415419745737629853e+00 1.785735203887301452e+02
1.426253498648385971e+02 2.286922613807456095e+00 -1.814012632539346015e+01 2.286922613807456095e+00 1.437995696707005777e+02 -8.372355623649788470e+00 -1.814012632539346015e+01 -8.372355623649788470e+00 1.619956867085309966e+02
7.241392283770254323e+01 8.972012409289829904e+00 -3.013298088466474844e+00 8.972012409289829904e+00 7.671160509575362596e+01 1.224634643036661252e+00 -3.013298088466474844e+00 1.224634643036661252e+00 9.936031541594323357e+01
1.151550437188123084e+02 -9.671554510442792463e-01 1.115340270105299680e+01 -9.671554510442792463e-01 1.268683032474583428e+02 1.073234493020947866e+01 1.115340270105299680e+01 1.073234493020947866e+01 1.524468561797071686e+02
3.776987827991775504e+01 2.121008629658597044e+00 -1.186873051967784498e+01 2.121008629658597044e+00 2.680042621695408300e+01 7.372714692511070922e-01 -1.186873051967784498e+01 7.372714692511070922e-01 7.446553042676615064e+01
2.402063764066754743e+02 -2.317834490634825073e+01 -1.245140159319781148e+01 -2.317834490634825073e+01 1.733721810590918722e+02 -8.415271233634511461e+00 -1.245140159319781148e+01 -8.415271233634511461e+00 2.403494150895913606e+02
7.949494984821373578e+01 1.447183825724638773e+01 -2.039004964857753066e+01 1.447183825724638773e+01 1.093597576554600721e+02 -1.874956332308540752e+00 -2.039004964857753066e+01 -1.874956332308540752e+00 1.335446827935965928e+02
1.567025705706723215e+02 1.675684092523543356e+01 -1.589856124736296294e+01 1.675684092523543356e+01 1.586889048214316347e+02 -5.985685231446864485e+00 -1.589856124736296294e+01 -5.985685231446864485e+00 1.708080346304629415e+02
1.068580267647195257e+02 1.128933289675260276e+01 3.386327070420562246e-01 1.128933289675260276e+01 1.435039694686016389e+02 1.833856383534881118e+01 3.386327070420562246e-01 1.833856383534881118e+01 1.383529439168351871e+02
6.349738499122026525e+01 1.305669515590833996e+01 -2.494044601628348179e+00 1.305669515590833996e+01 8.920227964013497512e+01 1.489514534948442659e+01 -2.494044601628348179e+00 1.489514534948442659e+01 1.043190366881507174e+02
1.317090297720369847e+02 -1.047584357277825085e+01 -1.108896766141108614e+01 -1.047584357277825085e+01 1.238230429175416560e+02 -2.818869348875876923e+00 -1.108896766141108614e+01 -2.818869348875876923e+00 1.086901913047484101e+02
1.198817939820712297e+02 -6.195608678971851191e+00 -8.265878970973597362e+00 -6.195608678971851191e+00 1.326878029321595136e+02 -6.627013118097969446e+00 -8.265878970973597362e+00 -6.627013118097969446e+00 1.543774683370683647e+02
7.956843601615359773e+01 6.270770671908747929e+00 -8.062664820340058824e+00 6.270770671908747929e+00 1.141137371100797253e+02 8.097925833501077975e+00 -8.062664820340058824e+00 8.097925833501077975e+00 1.063794994672900742e+02
1.278512728721422889e+02 -1.035530599930984152e+01 2.853651124801278272e+01 -1.035530599930984152e+01 1.672111476460624431e+02 2.429571972287188908e-01 2.853651124801278272e+01 2.429571972287188908e-01 1.473508133386214922e+02
1.504080824343679978e+02 1.603946484480674783e+01 1.962131688712374311e+00 1.603946484480674783e+01 1.843874095221969185e+02 2.540222349973844995e+00 1.962131688712374311e+00 2.540222349973844995e+00 1.515816291706970844e+02
7.879976269673485945e+01 1.469331459386968319e+01 1.920132622024744995e+00 1.469331459386968319e+01 1.115981681659157516e+02 1.077565042297774589e+01 1.920132622024744995e+00 1.077565042297774589e+01 1.174477268890196058e+02
1.391326183130591403e+02 2.103673427538959828e+01 5.868815197043680598e+00 2.103673427538959828e+01 1.685780052469975487e+02 1.268049713304942827e+01 5.868815197043680598e+00 1.268049713304942827e+01 1.753137141617398811e+02
1.511124174809327201e+02 -7.466339792344282245e+00 -2.437320163132459427e+01 -7.466339792344282245e+00 1.416411603432474351e+02 -8.265219950258620329e+00 -2.437320163132459427e+01 -8.265219950258620329e+00 1.762353919147585657e+02
7.918745717057150557e+01 1.526745993816285063e+00 2.380672932064382863e+01 1.526745993816285063e+00 1.334290073170439257e+02 1.656615435264851399e+01 2.380672932064382863e+01 1.656615435264851399e+01 1.179095489476041081e+02
2.251774490363270615e+02 5.915504149568274528e+00 -1.696244658026029839e+01 5.915504149568274528e+00 1.915079492360368363e+02 1.477907191103544093e+01 -1.696244658026029839e+01 1.477907191103544093e+01 2.134912438283870415e+02
6.373730596843901708e+01 2.368539374530860542e+01 -9.396181146356434866e+00 2.368539374530860542e+01 7.898616622080201921e+01 -1.016813782158668467e+01 -9.396181146356434866e+00 -1.016813782158668467e+01 9.951322084533201462e+01
1.889585296088432074e+02 -1.247162138928108277e+01 -5.280886998972099455e+00 -1.247162138928108277e+01 2.025031643614579764e+02 7.040770739908538189e+00 -5.280886998972099455e+00 7.040770739908538189e+00 2.149876026856235853e+02
1.555615004366281369e+02 1.291617853508706659e+01 -5.305402887425310077e+00 1.291617853508706659e+01 1.858210651361346777e+02 8.482563587248055370e+00 -5.305402887425310077e+00 8.482563587248055370e+00 1.630045595519884216e+02
1.633240592372013964e+02 -1.964094883646466450e+00 -1.214364543142452213e+01 -1.964094883646466450e+00 1.676631500076261716e+02 -4.985056189300797413e+00 -1.214364543142452213e+01 -4.985056189300797413e+00 1.659871152930851110e+02
2.259970916891931552e+02 2.435695510001418373e+00 -1.519596185691694501e+01 2.435695510001418373e+00 2.194560148007906264e+02 1.790329602661866559e+01 -1.519596185691694501e+01 1.790329602661866559e+01 2.113231813700520263e+02
1.645380548641085170e+02 1.350411004806424842e+01 2.190289786296930075e+01 1.350411004806424842e+01 1.986077605481430624e+02 1.621030793176091578e+01 2.190289786296930075e+01 1.621030793176091578e+01 1.606643823464816876e+02
1.367563473356724728e+02 2.670880377552291662e+01 -2.460526960535051266e+00 2.670880377552291662e+01 1.783299520919717907e+02 1.830422890591988150e+01 -2.460526960535051266e+00 1.830422890591988150e+01 1.597419014572146523e+02
1.014787696976853084e+02 8.625515413287509148e+00 -8.292594416362979448e-01 8.625515413287509148e+00 1.264373940899303079e+02 -4.468664137878232134e-01 -8.292594416362979448e-01 -4.468664137878232134e-01 1.453034469876918138e+02
1.789269782246896057e+02 -4.180597202268939938e+00 -1.589397204091683946e+01 -4.180597202268939938e+00 2.006182862726066674e+02 1.212452284135633462e+01 -1.589397204091683946e+01 1.212452284135633462e+01 2.037488030129444496e+02
6.638582156080312302e+01 3.811711275447458913e+00 5.856922334353877879e+00 3.811711275447458913e+00 7.136364585560612284e+01 1.800410254490856232e+01 5.856922334353877879e+00 1.800410254490856232e+01 8.691868579374974502e+01
1.381040931435451284e+02 1.072815448164485375e+01 -7.273962939164611896e+00 1.072815448164485375e+01 1.812035857943310759e+02 -6.738295568111726475e+00 -7.273962939164611896e+00 -6.738295568111726475e+00 1.954804721242495589e+02
7.991311487110304768e+01 9.778401869652471490e+00 1.528530596261930796e+01 9.778401869652471490e+00 1.048293496982989126e+02 2.222723768283953660e+01 1.528530596261930796e+01 2.222723768283953660e+01 1.262008857916990223e+02
1.433475344069943560e+02 6.233492311461056090e+00 -2.587298932561561315e+01 6.233492311461056090e+00 1.397956080541244717e+02 -5.327199287874207378e+00 -2.587298932561561315e+01 -5.327199287874207378e+00 1.570771223586536394e+02
1.471304770608304864e+02 -8.552232974704926383e-01 3.289522427622730838e+00 -8.552232974704926383e-01 1.646496406302753996e+02 -3.628501999608907624e+00 3.289522427622730838e+00 -3.628501999608907624e+00 1.791836588820760880e+02
1.302814569845934329e+02 2.349376441118541692e+01 1.813556448464064985e+01 2.349376441118541692e+01 1.888584334067320754e+02 2.516068685771302782e+01 1.813556448464064985e+01 2.516068685771302782e+01 1.611804158042311315e+02
2.131420872643503515e+02 -1.060983248881481522e+01 -1.288144208490985676e+01 -1.060983248881481522e+01 2.017541217516889560e+02 3.104911438303396554e-01 -1.288144208490985676e+01 3.104911438303396554e-01 2.304290277671993010e+02
1.053801643145283293e+02 9.697206350886151682e+00 -1.165732913264030124e+01 9.697206350886151682e+00 8.554022034753882053e+01 -3.965225248146023507e+00 -1.165732913264030124e+01 -3.965225248146023507e+00 1.033310380321922395e+02
4.803493625904872744e+01 -1.668735230752698229e+01 -2.681929665062807278e+00 -1.668735230752698229e+01 4.962236003738733103e+01 -1.868989795884809624e+01 -2.681929665062807278e+00 -1.868989795884809624e+01 4.854528999046706872e+01
1.724107466912508926e+02 -2.220083169157364811e+00 1.329256613091970296e+00 -2.220083169157364811e+00 1.911413335928064043e+02 7.037193386561786390e+00 1.329256613091970296e+00 7.037193386561786390e+00 2.240123225567019745e+02
7.726308688183583229e+01 -3.579744668738919167e+00 -1.515306416474009321e-01 -3.579744668738919167e+00 6.252410232951649505e+01 1.269616070962370102e+01 -1.515306416474009321e-01 1.269616070962370102e+01 9.760366887357805865e+01
7.397025696955066110e+01 -3.336448478632144887e+00 -1.820863621750757844e+01 -3.336448478632144887e+00 7.636627044158528577e+01 -1.556876836938941011e+01 -1.820863621750757844e+01 -1.556876836938941011e+01 8.332924075204192604e+01
1.763179370213617290e+02 -1.083692486713883874e+01 -9.478655166587225622e+00 -1.083692486713883874e+01 1.875644732656708129e+02 1.469943084275718981e+01 -9.478655166587225622e+00 1.469943084275718981e+01 1.942682382554750973e+02
1.568156608419088514e+02 1.539055734655857544e+00 -2.505087876876876507e+01 1.539055734655857544e+00 1.669901299394308865e+02 -6.324576037260995598e+00 -2.505087876876876507e+01 -6.324576037260995598e+00 1.764676344482100205e+02
