4.976087150419127738e+02 -1.984257912597641038e+01 8.361969804287854302e+00 -1.984257912597641038e+01 5.482249206609770908e+02 -1.915035009917414754e+01 8.361969804287854302e+00 -1.915035009917414754e+01 4.815988024935848557e+02
5.401806818123164931e+02 -1.446794434374988469e+01 -1.905719628059413040e+01 -1.446794434374988469e+01 5.484679127229563846e+02 -8.450211960380601184e+00 -1.905719628059413040e+01 -8.450211960380601184e+00 4.758459945004969427e+02
4.780454086522815942e+02 -1.991975646403385269e+01 -7.254454261596453568e-01 -1.991975646403385269e+01 5.531447905736056327e+02 -2.065619319617646354e+01 -7.254454261596453568e-01 -2.065619319617646354e+01 4.796205363174947252e+02
5.342947889039508027e+02 -1.851615236629618622e+01 -2.293521278062117830e+01 -1.851615236629618622e+01 5.483896978063723964e+02 -1.033677948058695328e+01 -2.293521278062117830e+01 -1.033677948058695328e+01 4.880568416747373703e+02
5.127110203183959811e+02 -1.051584807884227324e+01 -3.670503315534450195e+01 -1.051584807884227324e+01 5.377916541924070088e+02 3.378120453642296628e+00 -3.670503315534450195e+01 3.378120453642296628e+00 5.507686879168197720e+02
5.157180906955096589e+02 -2.061360783349857684e+01 -3.576179366986524144e+01 -2.061360783349857684e+01 5.427925954140058593e+02 -5.555428375040588840e+00 -3.576179366986524144e+01 -5.555428375040588840e+00 4.898945985153309266e+02
5.193725286754996660e+02 -3.137250003557623401e+01 -4.125539411831820047e+00 -3.137250003557623401e+01 4.717565608280449396e+02 1.238740104139956877e+01 -4.125539411831820047e+00 1.238740104139956877e+01 4.931619335292863866e+02
5.224731772681607254e+02 8.659647628263088537e-01 -9.444424270053280779e+00 8.659647628263088537e-01 5.295137398986046264e+02 1.148968819695712540e+01 -9.444424270053280779e+00 1.148968819695712540e+01 4.948795227058458295e+02
5.035911157606653887e+02 -3.084266024364042025e+01 -5.328848588973964517e+00 -3.084266024364042025e+01 4.554008185868433429e+02 1.879267979327339022e+00 -5.328848588973964517e+00 1.879267979327339022e+00 4.845258393841370435e+02
5.015408499802961160e+02 -2.788113875088619764e+01 -7.618436741499966303e+00 -2.788113875088619764e+01 4.690958835875119917e+02 6.156797065039015138e+00 -7.618436741499966303e+00 6.156797065039015138e+00 4.804695775855744273e+02
4.711323213106984440e+02 -2.491747989705514144e+01 1.274519388404946163e+01 -2.491747989705514144e+01 4.366738858714539901e+02 3.021696274101664859e+00 1.274519388404946163e+01 3.021696274101664859e+00 4.706711423667929921e+02
5.143607827968077117e+02 -4.395776297524383480e+00 -1.989351397566454693e+01 -4.395776297524383480e+00 5.272342792398427491e+02 -4.462767918142090950e-01 -1.989351397566454693e+01 -4.462767918142090950e-01 5.122371912349393597e+02
5.430023903662605562e+02 1.782502528285699439e+00 -8.215337328305116316e+00 1.782502528285699439e+00 5.416451796214242904e+02 7.135321221074746312e+00 -8.215337328305116316e+00 7.135321221074746312e+00 5.096210979681447384e+02
5.238033190178998666e+02 -1.394494232902888164e+01 -3.318120177987812003e+00 -1.394494232902888164e+01 5.347450937735142134e+02 1.209230835079485189e+01 -3.318120177987812003e+00 1.209230835079485189e+01 5.317438516910767703e+02
5.025955286103562685e+02 -2.777512863302351676e+01 -1.529009766731047115e+01 -2.777512863302351676e+01 5.259954420959390973e+02 -3.835430977238559525e+00 -1.529009766731047115e+01 -3.835430977238559525e+00 4.896701071472857052e+02
5.413958094163241412e+02 -2.206880651068476595e+01 -3.544021400943762057e+00 -2.206880651068476595e+01 5.381741290745301285e+02 -2.577195595238250370e+00 -3.544021400943762057e+00 -2.577195595238250370e+00 5.202559795390085355e+02
5.059356366870541706e+02 -1.706213468687490931e+01 -2.863618033211201919e+01 -1.706213468687490931e+01 5.491188560911529066e+02 -4.938579132516265346e+00 -2.863618033211201919e+01 -4.938579132516265346e+00 4.905131251165616391e+02
5.067496316383632120e+02 -1.997786730225625362e+01 -3.195115643658989590e+00 -1.997786730225625362e+01 5.534992898087805315e+02 -1.706668319802346190e+01 -3.195115643658989590e+00 -1.706668319802346190e+01 4.943061531047250696e+02
5.106530779586999529e+02 -2.185113029154584652e+01 1.030317958822337232e+01 -2.185113029154584652e+01 5.527609313952009416e+02 -5.144456179857772593e-01 1.030317958822337232e+01 -5.144456179857772593e-01 4.976109646181814128e+02
5.084205181692678934e+02 -3.013718225200001299e+01 -8.836648601820733528e-01 -3.013718225200001299e+01 5.497975279878795618e+02 -1.285568751761883632e+01 -8.836648601820733528e-01 -1.285568751761883632e+01 4.864917603495482012e+02
5.071378958562144135e+02 -1.027970116009083057e+01 -2.387043887351493154e+01 -1.027970116009083057e+01 5.445764595084337998e+02 2.035247135818951492e+01 -2.387043887351493154e+01 2.035247135818951492e+01 5.310730112184542122e+02
5.323826217286301699e+02 -1.051477206519044749e+01 -1.696495091065117578e+01 -1.051477206519044749e+01 5.163550298671049177e+02 -7.493958776653726339e+00 -1.696495091065117578e+01 -7.493958776653726339e+00 5.070672537793267338e+02
5.080158243719168922e+02 -1.052600130803194212e+01 -2.734516520301121467e+00 -1.052600130803194212e+01 5.449337406308218306e+02 -2.228678670825807373e+01 -2.734516520301121467e+00 -2.228678670825807373e+01 4.920027471451627434e+02
5.240547062212332321e+02 -3.260184951564816469e+00 9.193155569139495498e+00 -3.260184951564816469e+00 5.377073311802583930e+02 5.949900451885572039e+00 9.193155569139495498e+00 5.949900451885572039e+00 5.174764128618148789e+02
4.909395216008078933e+02 -2.000543827230476168e+01 -1.741893918487079418e+01 -2.000543827230476168e+01 5.163209279370927334e+02 1.012670407477279610e+01 -1.741893918487079418e+01 1.012670407477279610e+01 5.053481713664944550e+02
5.064095445543467804e+02 -2.325114826715897820e+01 -2.390228302049654641e+00 -2.325114826715897820e+01 4.649644303579179336e+02 -8.654580980651044086e+00 -2.390228302049654641e+00 -8.654580980651044086e+00 4.932024538526037531e+02
5.381624548818798530e+02 -2.139980322895423370e+01 -2.295179376354377965e+01 -2.139980322895423370e+01 5.614064314526519865e+02 -1.533541364217252934e+01 -2.295179376354377965e+01 -1.533541364217252934e+01 4.797832348547329957e+02
5.324529967784303608e+02 -1.304207953659088481e+01 -2.451864119537833275e+01 -1.304207953659088481e+01 5.416321877528749837e+02 1.376515725548652469e+01 -2.451864119537833275e+01 1.376515725548652469e+01 5.007094413974729719e+02
4.780031440569894698e+02 -1.492713766861242952e+01 8.352843496216127983e-01 -1.492713766861242952e+01 5.479472764949433667e+02 -1.675364835725742196e+01 8.352843496216127983e-01 -1.675364835725742196e+01 4.837377257412569520e+02
5.191324963256031424e+02 -1.682462069122415826e+01 -1.101007472845608604e+01 -1.682462069122415826e+01 4.692279103219099738e+02 3.700075550488945098e+00 -1.101007472845608604e+01 3.700075550488945098e+00 4.826618450914153300e+02
5.039827720211769133e+02 -2.681153991890716526e+01 -7.436194110394097834e+00 -2.681153991890716526e+01 4.627435063648739515e+02 -9.070402577274586875e+00 -7.436194110394097834e+00 -9.070402577274586875e+00 4.770147036286252273e+02
4.938705802960550955e+02 -9.376531276285541949e+00 -8.642482583025007381e-02 -9.376531276285541949e+00 5.482404661027595694e+02 -2.339165605186423491e+01 -8.642482583025007381e-02 -2.339165605186423491e+01 4.947110892658365628e+02
5.316459832721913017e+02 -2.046436726969362851e+01 -6.436416377895930907e+00 -2.046436726969362851e+01 5.359948968661326489e+02 2.967240256503290041e+00 -6.436416377895930907e+00 2.967240256503290041e+00 5.214768458887356246e+02
4.862190669129846583e+02 -2.267933799334521083e+01 -1.408007441124670045e+01 -2.267933799334521083e+01 5.489701383706561728e+02 -1.041901298809740162e+01 -1.408007441124670045e+01 -1.041901298809740162e+01 4.926986876529028905e+02
4.928849713653996787e+02 -1.779646432465881034e+01 6.248134893251381605e+00 -1.779646432465881034e+01 5.525367597375086461e+02 -2.159498150877728406e+01 6.248134893251381605e+00 -2.159498150877728406e+01 5.056868724729505402e+02
5.180529093666274321e+02 -2.647651798186200978e+01 -1.419570579167730884e+01 -2.647651798186200978e+01 5.173813084917511560e+02 4.609368804978833722e+00 -1.419570579167730884e+01 4.609368804978833722e+00 5.109567538759808940e+02
