7.880629400920796002e+01 2.260604742667441158e+00 -1.606332578600281380e+01 2.260604742667441158e+00 1.135153100421730983e+02 -4.663882001291161039e+00 -1.606332578600281380e+01 -4.663882001291161039e+00 7.459118673158859281e+01
7.832435302617822970e+01 9.708624484117605036e+00 -3.724801588888264625e+00 9.708624484117605036e+00 1.014449410114970362e+02 -4.673197653804264107e+00 -3.724801588888264625e+00 -4.673197653804264107e+00 1.008422070522265273e+02
9.152419774592014790e+01 -2.143293788474348815e+00 -3.261144518326584141e+00 -2.143293788474348815e+00 8.946419583701644740e+01 -1.106842808079834128e+01 -3.261144518326584141e+00 -1.106842808079834128e+01 1.244349367532938402e+02
1.100959424505970929e+02 9.168364778929170456e+00 6.134812856209671539e-01 9.168364778929170456e+00 1.001356861842380539e+02 2.128584694764690255e+00 6.134812856209671539e-01 2.128584694764690255e+00 1.005763863618227134e+02
1.116331394525912373e+02 1.136071258070542989e+00 -1.204669040687060999e+01 1.136071258070542989e+00 1.434900537032452803e+02 2.424731978587591996e+01 -1.204669040687060999e+01 2.424731978587591996e+01 1.222683817643255253e+02
1.262183864673899052e+02 7.071198152893667377e-01 -1.162223123783439283e+00 7.071198152893667377e-01 1.494145239185676246e+02 2.055039376729565159e+00 -1.162223123783439283e+00 2.055039376729565159e+00 1.210511814048119561e+02
7.793093096002584730e+01 1.263817888059712846e+00 -9.740532176708175172e+00 1.263817888059712846e+00 9.047355673210178395e+01 2.140693986444567987e+00 -9.740532176708175172e+00 2.140693986444567987e+00 1.312699153214396972e+02
8.555467007523756706e+01 8.155654354482384960e+00 -1.200958648918293292e+01 8.155654354482384960e+00 1.106964421539579888e+02 5.303077791119134687e+00 -1.200958648918293292e+01 5.303077791119134687e+00 7.410669807770599959e+01
8.823628245631684308e+01 4.012919298961297621e+00 -1.646680735126956208e+01 4.012919298961297621e+00 3.824600553776498657e+01 -3.814532631105814198e-01 -1.646680735126956208e+01 -3.814532631105814198e-01 6.813996120503364295e+01
1.326645139257391577e+02 5.776669678981503964e+00 -3.906751113415392940e+00 5.776669678981503964e+00 1.298018693608313470e+02 9.754474973744089894e+00 -3.906751113415392940e+00 9.754474973744089894e+00 1.418345618596457882e+02
1.066562121139608621e+02 2.086875460677078920e+01 -3.324647247401179673e+00 2.086875460677078920e+01 8.426693952371431351e+01 -1.074094256725703467e+01 -3.324647247401179673e+00 -1.074094256725703467e+01 8.662776506366282092e+01
9.078852371828644152e+01 6.078087386512921242e+00 5.297141624676855898e+00 6.078087386512921242e+00 8.553645067557511084e+01 1.594195793557983976e+01 5.297141624676855898e+00 1.594195793557983976e+01 7.553611415990714306e+01
1.036277380449264314e+02 8.361024189215465086e+00 9.221500805798081402e+00 8.361024189215465086e+00 9.982199334065417418e+01 -6.509836426403492027e+00 9.221500805798081402e+00 -6.509836426403492027e+00 9.203104904310207246e+01
1.149109231718911843e+02 7.357713467658260953e+00 -2.671766629216310029e+00 7.357713467658260953e+00 1.177352914201117926e+02 -1.768006589850843246e+00 -2.671766629216310029e+00 -1.768006589850843246e+00 1.215830187244701364e+02
1.141568883952200935e+02 4.004929784666042103e+00 1.272407311317440382e+01 4.004929784666042103e+00 9.761696287978035969e+01 -1.155915791210730070e+01 1.272407311317440382e+01 -1.155915791210730070e+01 1.048403667696573081e+02
1.142283765206229873e+02 1.158224275044250895e+01 -7.621209674996028305e+00 1.158224275044250895e+01 1.501934411364725861e+02 2.087433123180713679e+01 -7.621209674996028305e+00 2.087433123180713679e+01 1.263694315288753103e+02
9.464753194481184551e+01 -1.282934092106195356e+00 -1.152108018964164060e+01 -1.282934092106195356e+00 4.373181689928163962e+01 -4.707361552377345326e+00 -1.152108018964164060e+01 -4.707361552377345326e+00 8.092701805248044877e+01
1.395662090615225281e+02 6.821282652324058837e+00 8.495319321718769245e+00 6.821282652324058837e+00 1.145182200205036622e+02 2.098978929368791047e+00 8.495319321718769245e+00 2.098978929368791047e+00 1.289217323851664219e+02
1.523999781884473350e+02 1.429724226519809793e+00 1.052003923432852428e+00 1.429724226519809793e+00 1.066734996762629919e+02 -6.812370539458092011e+00 1.052003923432852428e+00 -6.812370539458092011e+00 1.216687749981225721e+02
9.802410166562346205e+01 6.046485994702420763e-01 -1.261769889837364289e+01 6.046485994702420763e-01 9.301650719609357054e+01 -1.607071789257491901e+01 -1.261769889837364289e+01 -1.607071789257491901e+01 1.183486612019308239e+02
1.136318020506541160e+02 2.505453350965288983e+00 1.021468128348608673e+01 2.505453350965288983e+00 1.261071928297639744e+02 2.035396400861448285e+01 1.021468128348608673e+01 2.035396400861448285e+01 1.178549461729046044e+02
1.213047978207314941e+02 1.014180348665522402e+01 6.859447739222295226e+00 1.014180348665522402e+01 1.210256755784218825e+02 1.454223363359890975e+01 6.859447739222295226e+00 1.454223363359890975e+01 1.359325184580536074e+02
1.173356978936696891e+02 8.682383910094651824e+00 8.423482228189865140e+00 8.682383910094651824e+00 8.971948585039991997e+01 -3.620876651459931317e+00 8.423482228189865140e+00 -3.620876651459931317e+00 8.547212650871105666e+01
4.534778423251015056e+01 7.904925707531901047e+00 -1.074277270511667126e+01 7.904925707531901047e+00 9.251473962068328660e+01 -5.876105623966101810e+00 -1.074277270511667126e+01 -5.876105623966101810e+00 6.463994763101855767e+01
9.070402373896084214e+01 -9.063946161776248900e+00 -6.158853241911276477e+00 -9.063946161776248900e+00 1.124659024183775387e+02 -1.220797691563947041e+01 -6.158853241911276477e+00 -1.220797691563947041e+01 1.143600890551961129e+02
7.347391221002141037e+01 2.322739024170643152e+00 7.271476760144864215e+00 2.322739024170643152e+00 7.009023998338916783e+01 -2.221538039556638644e+00 7.271476760144864215e+00 -2.221538039556638644e+00 7.467641813398488182e+01
1.358527492005879935e+02 9.460091371025324491e+00 4.785476326632227106e+00 9.460091371025324491e+00 1.236301801773886666e+02 -5.887437770023293382e+00 4.785476326632227106e+00 -5.887437770023293382e+00 1.253433461537594837e+02
1.091478897109533648e+02 7.936272079715140926e+00 -1.383599665518756083e+01 7.936272079715140926e+00 1.160346298813150128e+02 6.553992311240429025e+00 -1.383599665518756083e+01 6.553992311240429025e+00 1.306524981272219748e+02
7.706741144060165993e+01 -5.877744501606020577e+00 -8.288726775374167133e+00 -5.877744501606020577e+00 9.013203048093546954e+01 -1.184173498156062720e+01 -8.288726775374167133e+00 -1.184173498156062720e+01 1.020595090314914017e+02
1.154740352424887959e+02 1.355454243398424907e+01 -4.230717387151033293e+00 1.355454243398424907e+01 1.362006621563426449e+02 1.907481349525417613e+01 -4.230717387151033293e+00 1.907481349525417613e+01 1.227055176008123709e+02
1.053881575062630844e+02 2.866268053302137186e+00 1.123344039835026509e+00 2.866268053302137186e+00 1.243270135813284583e+02 2.356619459716986853e+01 1.123344039835026509e+00 2.356619459716986853e+01 1.055169320480805482e+02
9.702723522175011794e+01 4.248738038507159587e+00 7.808714019034352027e+00 4.248738038507159587e+00 8.272434021284931305e+01 9.036858012081269820e+00 7.808714019034352027e+00 9.036858012081269820e+00 1.106273463518547260e+02
1.049460615994399717e+02 2.221900986805010092e+01 -8.301103785414625236e-01 2.221900986805010092e+01 1.267481902315914368e+02 2.513543825385769992e+01 -8.301103785414625236e-01 2.513543825385769992e+01 9.633950566158496542e+01
8.916387836427385594e+01 9.102241892785654542e+00 -3.524351628862518737e+00 9.102241892785654542e+00 1.167596844525278215e+02 -2.047958011092898989e+00 -3.524351628862518737e+00 -2.047958011092898989e+00 1.268130266317312049e+02
1.572811247330061519e+02 1.772241486951049083e+01 1.142075166688533372e+01 1.772241486951049083e+01 1.127351221841356903e+02 -1.199465144255582949e+01 1.142075166688533372e+01 -1.199465144255582949e+01 1.305101666777361231e+02
9.673796677835440505e+01 -2.507957701153865404e+00 -1.336958257588297805e+01 -2.507957701153865404e+00 1.352414723396069292e+02 2.121918936829407087e+01 -1.336958257588297805e+01 2.121918936829407087e+01 1.231596605146750534e+02
