1.269997835383295808e+02 -1.534796419551851621e+01 6.122304290020050388e+00 -1.534796419551851621e+01 1.125969491109274543e+02 -2.401414271632198449e+00 6.122304290020050388e+00 -2.401414271632198449e+00 8.932836997492623254e+01
1.124771395399403673e+02 -8.779988517178997753e+00 -2.329242818148601124e+00 -8.779988517178997753e+00 1.371579317277073358e+02 -5.820290671911646507e-01 -2.329242818148601124e+00 -5.820290671911646507e-01 1.362326851706226876e+02
6.881641239260163445e+01 -3.293206322130759478e+00 2.633524866082388449e+00 -3.293206322130759478e+00 4.761936265419318914e+01 -2.351179676654783890e+00 2.633524866082388449e+00 -2.351179676654783890e+00 6.031661716108337856e+01
1.432308273946740371e+02 -1.395099766359344429e+01 3.234192273483049274e+00 -1.395099766359344429e+01 1.339522260141311847e+02 -8.870277214814274558e+00 3.234192273483049274e+00 -8.870277214814274558e+00 1.380536191707718672e+02
7.494681830295490954e+01 3.055291077218184048e-01 1.273474781035748649e+01 3.055291077218184048e-01 8.952083301519319036e+01 3.199033937218838664e-01 1.273474781035748649e+01 3.199033937218838664e-01 8.628087269721484631e+01
1.279432132786754863e+02 1.134602817249385076e+01 1.812548629529208810e+00 1.134602817249385076e+01 1.514567199435262239e+02 4.268420494538052168e+00 1.812548629529208810e+00 4.268420494538052168e+00 1.128013825825619847e+02
1.580965925739649869e+01 7.247870637313236664e+00 -7.517723027851560325e+00 7.247870637313236664e+00 1.024506454416918722e+01 -4.505565740391019425e+00 -7.517723027851560325e+00 -4.505565740391019425e+00 4.440683193063635770e+01
3.350448114369074659e+01 -1.199544767138458035e+00 4.528634369762820633e+00 -1.199544767138458035e+00 2.420823902396487171e+01 4.886262444614006384e+00 4.528634369762820633e+00 4.886262444614006384e+00 2.552004206188142277e+01
8.994247119451765116e+01 -8.087699482316113020e+00 -7.283813546797310856e-01 -8.087699482316113020e+00 9.844937411974684949e+01 -3.579288934632128605e+00 -7.283813546797310856e-01 -3.579288934632128605e+00 1.082178810631948664e+02
1.434543579951887295e+02 4.713758303107115744e+00 4.663202907239049289e+00 4.713758303107115744e+00 1.425610734675570370e+02 -4.619770841529131644e+00 4.663202907239049289e+00 -4.619770841529131644e+00 1.538410455982841256e+02
9.132947219574712960e+01 -2.303678208312121889e+00 5.129055752703683524e+00 -2.303678208312121889e+00 9.171899706872545721e+01 -6.834413047858125090e+00 5.129055752703683524e+00 -6.834413047858125090e+00 1.198964395679877271e+02
3.974963688822415264e+01 1.060076825761264452e+01 -2.903204244714889359e+00 1.060076825761264452e+01 5.269995964103777197e+01 5.319184209774610039e+00 -2.903204244714889359e+00 5.319184209774610039e+00 3.328886090845055890e+01
4.538914131888532921e+01 6.344532967033542192e+00 -1.223711792213731897e+01 6.344532967033542192e+00 3.935796896119433086e+01 1.124233330391114727e+01 -1.223711792213731897e+01 1.124233330391114727e+01 2.149247262642799683e+01
8.964108598500465064e+01 5.003946029834678733e+00 -2.346260081170236322e+00 5.003946029834678733e+00 7.531239053253879945e+01 1.029238170605322544e+01 -2.346260081170236322e+00 1.029238170605322544e+01 7.219688111443505818e+01
2.972239127685091375e+01 5.080490584403856147e+00 1.763364291921803773e+00 5.080490584403856147e+00 2.866282689842605080e+01 -9.552773510122537781e-02 1.763364291921803773e+00 -9.552773510122537781e-02 3.122801285948094119e+01
9.968297583577849252e+01 -2.554255018772973340e+00 1.031460304507374470e+00 -2.554255018772973340e+00 1.249353497136336131e+02 -1.048620772334988160e+01 1.031460304507374470e+00 -1.048620772334988160e+01 8.680690009663726414e+01
8.819337342779181199e+01 1.624236358505033229e+00 -1.043154796458745093e+00 1.624236358505033229e+00 1.112218788311005682e+02 -1.055605629986130545e+01 -1.043154796458745093e+00 -1.055605629986130545e+01 7.809132350405060663e+01
8.576221215244838447e+01 -7.529658605656634585e+00 -5.907715474054956450e-01 -7.529658605656634585e+00 6.578455789537368048e+01 2.596179655458047186e+00 -5.907715474054956450e-01 2.596179655458047186e+00 4.935485613327062282e+01
9.508733940070054302e+01 -1.653725300545612598e+01 -1.032049010304762149e+01 -1.653725300545612598e+01 1.153800241839228704e+02 -1.049890119239670128e+01 -1.032049010304762149e+01 -1.049890119239670128e+01 1.339123492070979182e+02
5.067991276439610715e+01 7.042241062551639619e-01 8.090988194730853733e-01 7.042241062551639619e-01 2.503460515455371649e+01 1.234840317172793611e+01 8.090988194730853733e-01 1.234840317172793611e+01 5.732251743623295681e+01
1.167209578684966971e+02 -1.203209913717753743e+01 2.867274528764003794e+00 -1.203209913717753743e+01 1.236645833554476042e+02 2.495566623661831329e+01 2.867274528764003794e+00 2.495566623661831329e+01 1.445122203933122194e+02
1.034234986961117784e+02 -7.989011836735985916e+00 1.357320062920332759e+01 -7.989011836735985916e+00 7.654919606258235376e+01 -7.532804778090553377e+00 1.357320062920332759e+01 -7.532804778090553377e+00 7.669790615702852676e+01
8.271628396358838131e+01 -1.028998431327659091e+01 -1.756699002465857262e+01 -1.028998431327659091e+01 9.931776287266190195e+01 1.248106855148351535e+01 -1.756699002465857262e+01 1.248106855148351535e+01 9.001934496818155651e+01
8.324453150219386544e+01 -3.157735533836223407e+00 1.717747303922960489e+00 -3.157735533836223407e+00 8.541675841492943277e+01 -1.313266371908175323e+01 1.717747303922960489e+00 -1.313266371908175323e+01 7.864687996759064958e+01
1.113613014301047599e+02 6.414787593077801553e+00 -3.472752124612799474e+00 6.414787593077801553e+00 1.122481005741240665e+02 6.028138509240731580e+00 -3.472752124612799474e+00 6.028138509240731580e+00 1.286707675871896015e+02
2.526098831047632132e+01 3.561816405649061323e+00 -1.061226252040947848e+01 3.561816405649061323e+00 3.250637477826599309e+01 -5.282760606772065159e+00 -1.061226252040947848e+01 -5.282760606772065159e+00 4.598905805255716928e+01
4.948465864811821291e+01 -1.858692433962230339e+01 3.840216953508582609e+00 -1.858692433962230339e+01 4.289733501577511987e+01 -8.258271620509917810e+00 3.840216953508582609e+00 -8.258271620509917810e+00 4.589557346923388792e+01
1.326948045772820706e+02 4.148746122812394077e+00 -2.046433144807604521e+00 4.148746122812394077e+00 1.226618842130639990e+02 1.137472839475099917e+00 -2.046433144807604521e+00 1.137472839475099917e+00 1.220436252811566646e+02
1.052615010541028511e+02 2.540236334602230528e+00 -3.279575215979276148e+00 2.540236334602230528e+00 1.101563206575885943e+02 1.244018585674087163e+01 -3.279575215979276148e+00 1.244018585674087163e+01 1.258492346579808867e+02
7.650564959407117271e+01 6.911019968692839299e+00 -7.236194316393700809e+00 6.911019968692839299e+00 6.624436728872119318e+01 1.104839460200790668e+01 -7.236194316393700809e+00 1.104839460200790668e+01 8.731651922380092401e+01
9.076733801465073270e+01 3.753718130139773734e+00 1.735881630015563459e+01 3.753718130139773734e+00 9.267241603105323122e+01 1.078075393200324150e+01 1.735881630015563459e+01 1.078075393200324150e+01 7.986861927467992928e+01
1.348049869799764622e+02 3.600842429589078630e+00 1.359037905468257890e+01 3.600842429589078630e+00 1.548769334101428115e+02 -2.217254896264300612e+00 1.359037905468257890e+01 -2.217254896264300612e+00 1.223832711245287754e+02
9.438452823879443088e+01 -1.062549170372247964e+01 -4.701852979779662656e-01 -1.062549170372247964e+01 1.040457052445396755e+02 2.466621216277527839e+00 -4.701852979779662656e-01 2.466621216277527839e+00 7.403139786929719435e+01
6.062223000717116150e+01 -4.391604555005058086e-01 3.454314828085998101e+00 -4.391604555005058086e-01 1.114914639974475108e+02 6.262808671709718666e+00 3.454314828085998101e+00 6.262808671709718666e+00 9.723278502901693798e+01
6.446445659690654395e+01 -1.046752717780984776e+00 6.627813170388057173e-01 -1.046752717780984776e+00 8.084527741545095125e+01 -1.917390235136333487e+01 6.627813170388057173e-01 -1.917390235136333487e+01 5.220588135714373124e+01
6.405977398496061426e+01 1.047319973001960669e+01 -2.423531081204372217e+00 1.047319973001960669e+01 5.379105504169847052e+01 1.943891651887361016e+00 -2.423531081204372217e+00 1.943891651887361016e+00 8.037172025916491691e+01
1.301126421853730903e+02 3.408906564799560002e+00 1.591385630504638771e+00 3.408906564799560002e+00 1.424959004029464609e+02 -2.808338644693878727e+00 1.591385630504638771e+00 -2.808338644693878727e+00 1.547940859681321797e+02
1.122267035302258904e+02 -1.009848217010314997e+01 8.357420820282429830e+00 -1.009848217010314997e+01 1.382382351211749096e+02 5.758891055335190856e+00 8.357420820282429830e+00 5.758891055335190856e+00 1.053632364851424512e+02
3.659106716403333337e+01 -4.380691847889606194e+00 -8.679818599866985451e+00 -4.380691847889606194e+00 7.972351647925066231e+01 -3.659880331557605060e-01 -8.679818599866985451e+00 -3.659880331557605060e-01 7.484340955040872245e+01
2.969002128195786483e+01 -1.456291333343220451e+01 -1.127313872400781136e+01 -1.456291333343220451e+01 2.428548747123322471e+01 -9.428685640098549925e+00 -1.127313872400781136e+01 -9.428685640098549925e+00 3.195230141014203440e+01
1.215118488562208654e+02 -2.526229399689241095e+00 9.370163509209657349e+00 -2.526229399689241095e+00 1.087170100268841963e+02 1.169830400031240503e+00 9.370163509209657349e+00 1.169830400031240503e+00 1.088543148500584579e+02
6.844235139701714843e+01 9.093853472698187890e-01 -5.106246774926502141e+00 9.093853472698187890e-01 6.719791948915205637e+01 1.051646046174778082e+00 -5.106246774926502141e+00 1.051646046174778082e+00 7.759188291727660669e+01
7.163650884381493711e+01 3.226165008094220354e+00 5.601290630298422890e+00 3.226165008094220354e+00 7.996140742312157101e+01 4.595511245831024105e+00 5.601290630298422890e+00 4.595511245831024105e+00 1.020336954778267966e+02
9.521057772736253355e+01 -7.919077138363592283e+00 1.996743859254392461e+01 -7.919077138363592283e+00 1.185896401592940492e+02 9.620196506149774507e+00 1.996743859254392461e+01 9.620196506149774507e+00 9.814480932302556937e+01
1.092835089657956473e+02 -1.042024555242887018e+01 -6.690027094758614901e+00 -1.042024555242887018e+01 1.039754362539268300e+02 2.983411342188931670e+00 -6.690027094758614901e+00 2.983411342188931670e+00 9.868865716181419145e+01
5.908785442707002566e+00 -3.492103083849164680e+00 1.074323890062844011e+00 -3.492103083849164680e+00 1.744938845194199928e+01 1.612384792598557226e+01 1.074323890062844011e+00 1.612384792598557226e+01 3.165075418692525133e+01
5.312953753409431101e+01 -4.892101928802596866e+00 4.275227838936004887e-01 -4.892101928802596866e+00 5.279846065518845677e+01 2.440520208580647221e+00 4.275227838936004887e-01 2.440520208580647221e+00 5.924666679952251513e+01
1.187049445063251198e+02 -1.127993892600144044e+01 1.032592147454084675e+01 -1.127993892600144044e+01 1.178761531435339833e+02 9.605247107324794698e+00 1.032592147454084675e+01 9.605247107324794698e+00 1.157080474439175362e+02
9.667471744755302154e+01 6.066852137799956246e+00 1.111295867728620301e+01 6.066852137799956246e+00 8.697852185530236113e+01 4.927395244459543910e+00 1.111295867728620301e+01 4.927395244459543910e+00 9.884153572841344726e+01
1.041998789329128670e+02 -3.193188491824632713e+00 1.149265468965021419e+01 -3.193188491824632713e+00 1.113255801607001416e+02 -1.266231563145625216e+01 1.149265468965021419e+01 -1.266231563145625216e+01 9.275243077514109302e+01
1.906765082874932915e+01 6.137801848346476241e+00 -6.279159920716279153e+00 6.137801848346476241e+00 1.527580854171940139e+01 2.812021525636809294e+00 -6.279159920716279153e+00 2.812021525636809294e+00 1.647670782019544689e+01
9.525291386055117471e+01 -9.656965313332429801e+00 1.283030355969121139e+01 -9.656965313332429801e+00 6.003323046534889329e+01 -4.435137373710527520e+00 1.283030355969121139e+01 -4.435137373710527520e+00 7.047167184470860946e+01
9.393884621667612578e+01 1.575289979295369402e+00 7.086032475064574676e+00 1.575289979295369402e+00 8.113290732604734501e+01 -4.530310159752335419e-01 7.086032475064574676e+00 -4.530310159752335419e-01 9.124581921162941001e+01
3.622981566875149184e+01 1.399877502892898384e+01 -2.636207017490391546e+00 1.399877502892898384e+01 4.713284912367277713e+01 -6.643298545655954790e+00 -2.636207017490391546e+00 -6.643298545655954790e+00 5.473038718941579361e+01
4.684052709963298611e+01 6.740057160847767737e-01 5.327017600213315163e+00 6.740057160847767737e-01 2.952324357929242993e+01 6.094529754712513459e+00 5.327017600213315163e+00 6.094529754712513459e+00 5.757726301981609396e+01
7.177386133293013870e+01 1.157702014870957896e+01 -7.361590376683579962e+00 1.157702014870957896e+01 5.381587926231206609e+01 -8.628760903314658393e+00 -7.361590376683579962e+00 -8.628760903314658393e+00 5.322475249945237152e+01
3.316347035434298363e+01 -4.047017202269717728e+00 1.139837091223023613e+01 -4.047017202269717728e+00 2.727416902169637325e+01 -6.346163112899929182e+00 1.139837091223023613e+01 -6.346163112899929182e+00 4.411980325235069245e+01
7.403945277011311532e+01 1.332727171298689051e+01 1.086817519235836116e+01 1.332727171298689051e+01 7.763359145530402827e+01 1.266749861883645067e+01 1.086817519235836116e+01 1.266749861883645067e+01 9.974831137489212551e+01
5.375397194075079454e+01 -9.775974446206738833e+00 1.258324292229572983e+01 -9.775974446206738833e+00 2.959439855846072120e+01 1.153120089290540218e+00 1.258324292229572983e+01 1.153120089290540218e+00 5.775543589137410549e+01
9.327131423603712790e+01 8.622726258897881024e+00 -8.550800484937806090e+00 8.622726258897881024e+00 7.298946032397782346e+01 1.076687142402557029e+00 -8.550800484937806090e+00 1.076687142402557029e+00 1.157754199164340321e+02
7.207155813696248003e+01 3.201814709572291306e+00 -2.717512769737160827e+00 3.201814709572291306e+00 8.169964289473404051e+01 9.933865899974467339e+00 -2.717512769737160827e+00 9.933865899974467339e+00 6.000447677055262830e+01
1.253960020046776975e+02 -1.517515695820343735e+00 -3.017910306841054435e+00 -1.517515695820343735e+00 1.386730124285900274e+02 -3.685094601177007601e+00 -3.017910306841054435e+00 -3.685094601177007601e+00 1.217677913734477926e+02
1.065380853775871088e+02 8.753204978856708729e-02 2.784917807044192894e+00 8.753204978856708729e-02 9.338811915984490497e+01 5.235940483332699458e-01 2.784917807044192894e+00 5.235940483332699458e-01 8.938183764629451389e+01
1.095310413973079022e+02 -4.918271895060000176e+00 1.595900980643687106e+01 -4.918271895060000176e+00 1.378044553389009650e+02 3.015648643286989117e+00 1.595900980643687106e+01 3.015648643286989117e+00 1.163096347745473196e+02
3.378407319467617498e+01 1.182523828113671094e+01 1.094203062038438468e+01 1.182523828113671094e+01 4.564424402691882676e+01 -1.698006676466165543e-01 1.094203062038438468e+01 -1.698006676466165543e-01 6.426838480423060673e+01
1.302921384473291937e+02 9.741729097864171294e+00 1.071369595404349084e+01 9.741729097864171294e+00 1.423663712353380220e+02 -6.274247049704195334e+00 1.071369595404349084e+01 -6.274247049704195334e+00 1.493725679546703873e+02
6.715844617369396019e+01 4.873975588885248733e+00 -2.326031898786854235e+00 4.873975588885248733e+00 6.492687133958281720e+01 9.038128035716995967e+00 -2.326031898786854235e+00 9.038128035716995967e+00 8.912853047386899163e+01
7.845842293372390941e+01 -2.015201277799888224e+00 2.736204323775879743e+00 -2.015201277799888224e+00 4.995490417551011575e+01 -9.922564838843626944e+00 2.736204323775879743e+00 -9.922564838843626944e+00 6.256204769142448896e+01
2.492489691463707402e+01 1.389424766784834553e+01 -4.031407201977233790e+00 1.389424766784834553e+01 4.445803899207616894e+01 -3.357703521484288078e+00 -4.031407201977233790e+00 -3.357703521484288078e+00 2.656198021381788621e+01
1.432288657023239864e+02 -1.764855958033789696e-02 -4.660989864726925447e+00 -1.764855958033789696e-02 1.313885327392482054e+02 9.764862119144467556e+00 -4.660989864726925447e+00 9.764862119144467556e+00 1.391746958223965009e+02
1.136821088464095055e+02 1.010332041696762317e+01 -4.212325708593054330e+00 1.010332041696762317e+01 1.179382218080963440e+02 -5.104407617467410674e+00 -4.212325708593054330e+00 -5.104407617467410674e+00 1.120454437801623442e+02
8.935073750956907190e+01 -2.474070586906962355e+00 -4.466724667378385583e+00 -2.474070586906962355e+00 7.602255115260693685e+01 4.403664698394742505e-01 -4.466724667378385583e+00 4.403664698394742505e-01 9.608792933511190881e+01
