1.332617377569905557e+02 9.202992898145431866e+00 -2.976014499099930433e+00 9.202992898145431866e+00 1.328336318822587430e+02 4.838079853246962436e+00 -2.976014499099930433e+00 4.838079853246962436e+00 1.380860207682748069e+02
1.181615873344049845e+02 -1.509963464296400915e+01 -1.692073469561914623e+00 -1.509963464296400915e+01 1.371410032856845191e+02 -2.444644320567005702e-01 -1.692073469561914623e+00 -2.444644320567005702e-01 1.475420815465311364e+02
1.396875608284632619e+02 -2.399386166582881064e+00 8.766660089727092153e-02 -2.399386166582881064e+00 1.416878106853552879e+02 -4.180550075028381940e+00 8.766660089727092153e-02 -4.180550075028381940e+00 1.414193138797672304e+02
1.392373695440089136e+02 -4.330713488496634511e+00 1.157829122878779238e+01 -4.330713488496634511e+00 1.397546695487402815e+02 2.308317890819214568e+00 1.157829122878779238e+01 2.308317890819214568e+00 1.331323681568154029e+02
1.351253851817871521e+02 -2.861257154426541049e+00 -1.389205572437932912e-01 -2.861257154426541049e+00 1.445303388851408783e+02 8.386476679924186328e+00 -1.389205572437932912e-01 8.386476679924186328e+00 9.738541195287363905e+01
1.416747996207623999e+02 -1.681381734530526728e+01 -3.018772143612589609e+00 -1.681381734530526728e+01 1.395421443963656429e+02 4.535441172509513952e-01 -3.018772143612589609e+00 4.535441172509513952e-01 1.448510480128671816e+02
1.313150390998987689e+02 -1.393287943107913307e+01 -1.101801773833313369e+01 -1.393287943107913307e+01 1.670251874391786089e+02 -7.609241052436504837e+00 -1.101801773833313369e+01 -7.609241052436504837e+00 1.396823744276985337e+02
1.059111412489811102e+02 -1.790874635675032778e+01 -5.873616414632458316e+00 -1.790874635675032778e+01 1.409544094551115734e+02 4.421889864239743950e+00 -5.873616414632458316e+00 4.421889864239743950e+00 1.347337983581057301e+02
1.369322951495376230e+02 -2.655624841473713249e-01 -4.567907367389465456e+00 -2.655624841473713249e-01 1.101382936893824933e+02 1.404948835687687669e+01 -4.567907367389465456e+00 1.404948835687687669e+01 1.312428175571695022e+02
1.464646984943417181e+02 1.034673023141608006e+01 9.141211350252936185e+00 1.034673023141608006e+01 1.283036375756397831e+02 -4.904455033516112117e+00 9.141211350252936185e+00 -4.904455033516112117e+00 1.401209691936668378e+02
1.108727711960852957e+02 -7.267067384969288391e+00 -2.072876744911042124e+00 -7.267067384969288391e+00 1.270573595244844256e+02 6.385515363450945614e+00 -2.072876744911042124e+00 6.385515363450945614e+00 1.187166425442068061e+02
1.372686566689376662e+02 -1.165801615099238298e+01 -9.709483406444952891e+00 -1.165801615099238298e+01 1.362190931091023174e+02 -1.203395674407845739e+01 -9.709483406444952891e+00 -1.203395674407845739e+01 1.460349826519919532e+02
1.281171073252879182e+02 -8.391557698602417403e+00 1.327263949243362617e+01 -8.391557698602417403e+00 1.165364689995173819e+02 -2.411693475504677053e+01 1.327263949243362617e+01 -2.411693475504677053e+01 1.186871024965565908e+02
1.503137219407545047e+02 1.095886522657478324e+01 -3.889389044860529054e+00 1.095886522657478324e+01 1.563776763291215843e+02 1.357664016490607217e+01 -3.889389044860529054e+00 1.357664016490607217e+01 1.298664296260750177e+02
1.250257506916998125e+02 -5.300746528993109941e+00 1.336020199962370469e+01 -5.300746528993109941e+00 1.449737681249601735e+02 1.578702699853851321e+01 1.336020199962370469e+01 1.578702699853851321e+01 1.271631259919427777e+02
1.507708064860728996e+02 -1.992486411437556626e+01 8.430673640102504862e+00 -1.992486411437556626e+01 1.543803278503019101e+02 5.626307358820090698e+00 8.430673640102504862e+00 5.626307358820090698e+00 1.375296965717766113e+02
1.243062379823745545e+02 -4.800579848437984687e+00 5.503592014847160208e+00 -4.800579848437984687e+00 1.237670207543957019e+02 -1.255480637134600919e+01 5.503592014847160208e+00 -1.255480637134600919e+01 1.260420660995151820e+02
1.484364836979868301e+02 -9.908841819834467657e+00 -3.161196817100322409e-01 -9.908841819834467657e+00 1.362573847320218476e+02 -1.837655984372344120e+00 -3.161196817100322409e-01 -1.837655984372344120e+00 1.559401914508994764e+02
1.403770779228388221e+02 8.243514116974717254e+00 7.787976723724339578e+00 8.243514116974717254e+00 1.320780383003963721e+02 8.508030661462116839e+00 7.787976723724339578e+00 8.508030661462116839e+00 1.336317049799221195e+02
1.425021646335421792e+02 -6.742508736215926390e+00 5.372431789118015111e+00 -6.742508736215926390e+00 1.403506893576891628e+02 1.615447327287311552e+01 5.372431789118015111e+00 1.615447327287311552e+01 1.356816055657962465e+02
1.481468838263427870e+02 2.910668504689396308e+00 -1.064119825569698286e+01 2.910668504689396308e+00 1.314697589172926087e+02 3.712537875207514304e+01 -1.064119825569698286e+01 3.712537875207514304e+01 1.429787941344503395e+02
1.279894605485384034e+02 -1.443354077297812488e+01 1.259184108637850130e+01 -1.443354077297812488e+01 1.502393758729287185e+02 2.252646410309349922e-01 1.259184108637850130e+01 2.252646410309349922e-01 1.187615495315347403e+02
1.535962465757983750e+02 -2.917978398988898103e+00 1.048224317161577268e+01 -2.917978398988898103e+00 1.397646270683000012e+02 6.909240161609685238e+00 1.048224317161577268e+01 6.909240161609685238e+00 1.471731368474227679e+02
1.118806719062426112e+02 -1.481103246677422902e+01 -1.086423661698446885e+01 -1.481103246677422902e+01 1.612351301487279613e+02 -7.688282395487009424e+00 -1.086423661698446885e+01 -7.688282395487009424e+00 1.293490269353010547e+02
1.348513522234890161e+02 7.548457874591719019e+00 -1.508631546199108886e+00 7.548457874591719019e+00 1.470837388882989671e+02 -9.801331080482173164e+00 -1.508631546199108886e+00 -9.801331080482173164e+00 1.414473614271731492e+02
1.266651676137458793e+02 1.399361807419537307e+01 -2.068601060441246631e+01 1.399361807419537307e+01 1.289667317596599503e+02 1.757744316725326783e+01 -2.068601060441246631e+01 1.757744316725326783e+01 1.411067530889320381e+02
1.328474723966955935e+02 1.176084992405026242e+01 -4.167698959974345918e+00 1.176084992405026242e+01 1.558178726260486826e+02 -3.343686865548732623e+00 -4.167698959974345918e+00 -3.343686865548732623e+00 1.248272148301887512e+02
1.282479320573492885e+02 1.629545217692854875e+00 1.425793722805165586e+01 1.629545217692854875e+00 1.453630300568204063e+02 7.594962712851907050e+00 1.425793722805165586e+01 7.594962712851907050e+00 1.222690864403118809e+02
1.288511196689943574e+02 -1.611888460366950682e+01 -4.537884817978351748e+00 -1.611888460366950682e+01 1.471419202216123097e+02 1.159184252308550933e+00 -4.537884817978351748e+00 1.159184252308550933e+00 1.441090167529937958e+02
1.240733931486015535e+02 -2.042480995879306960e+01 6.203067210688994138e+00 -2.042480995879306960e+01 1.578455760912059134e+02 -7.941863979645760629e+00 6.203067210688994138e+00 -7.941863979645760629e+00 1.344004862183818432e+02
1.221076915856943401e+02 1.202840923204550627e+01 -7.907103294303653662e+00 1.202840923204550627e+01 1.180766888424189460e+02 1.626352014760634646e+01 -7.907103294303653662e+00 1.626352014760634646e+01 1.256899751696319356e+02
1.355715201438680424e+02 -3.226414998247737920e+00 2.235437509076067286e+01 -3.226414998247737920e+00 1.200711583131169391e+02 2.806867018442886774e-01 2.235437509076067286e+01 2.806867018442886774e-01 1.274558064588810709e+02
1.148933274547542851e+02 -1.355648455761057569e+01 -4.290549608788555958e+00 -1.355648455761057569e+01 1.440265518932756663e+02 -9.936097655934296169e-01 -4.290549608788555958e+00 -9.936097655934296169e-01 1.251941315607557357e+02
1.309650442248746174e+02 -1.226069589748859379e+01 2.933913831159929586e+01 -1.226069589748859379e+01 1.244523585580100473e+02 3.717878704674016266e+00 2.933913831159929586e+01 3.717878704674016266e+00 1.320282889309376344e+02
1.493763004883295764e+02 1.177503938855553578e+01 -8.483267767546486482e+00 1.177503938855553578e+01 1.507974042861009423e+02 9.082246876140580127e+00 -8.483267767546486482e+00 9.082246876140580127e+00 1.367260108045159370e+02
1.430480312148480095e+02 -1.744338588026851156e+01 9.077286038769573295e+00 -1.744338588026851156e+01 1.213562842953169678e+02 -6.124034809624444797e+00 9.077286038769573295e+00 -6.124034809624444797e+00 1.394006258283210968e+02
