-4.827657960484738275e+00 1.184178890814048257e+00 -6.015088948640660682e+00 1.184178890814048257e+00 -1.143739391626633184e+00 9.039810244654175264e+00 -6.015088948640660682e+00 9.039810244654175264e+00 9.190680351563605299e+00
8.621224898669353820e+00 1.008399736107043232e+01 -2.330421722556345276e+00 1.008399736107043232e+01 -5.577103899274298726e+00 4.662340210194193091e+00 -2.330421722556345276e+00 4.662340210194193091e+00 4.708297875298628554e+01
-6.570976017836936300e+00 4.511277904143946138e+00 9.809458294812493762e+00 4.511277904143946138e+00 -4.505842857828020187e-01 -4.028457470701279242e+00 9.809458294812493762e+00 -4.028457470701279242e+00 9.399911005522422869e+00
-1.664890118901062976e+01 2.190189115686659860e-01 5.040978378093387668e+00 2.190189115686659860e-01 -1.911530691797262804e+01 5.379985360838643871e+00 5.040978378093387668e+00 5.379985360838643871e+00 6.677919420027228270e+00
1.622270485986169319e+01 5.054483984924649675e+00 3.264796780842650570e+00 5.054483984924649675e+00 2.182764603450624286e+00 -3.402634334264467153e+00 3.264796780842650570e+00 -3.402634334264467153e+00 6.651482558317408866e+00
-4.000783883364780280e+01 5.229286985083523298e+00 1.775068334135645642e+01 5.229286985083523298e+00 1.244520432295607293e+01 2.650154670374497368e+00 1.775068334135645642e+01 2.650154670374497368e+00 -2.051573781180526979e+01
4.022295926901655050e-01 -1.432519517681866805e+00 4.359379164455812194e+00 -1.432519517681866805e+00 -9.231061911282433030e+00 -6.907777961875523509e+00 4.359379164455812194e+00 -6.907777961875523509e+00 1.010074257758174276e+01
-2.372074789167207953e+01 -1.737990741411973517e+01 1.298499644980615209e+01 -1.737990741411973517e+01 3.375175008060563187e+01 6.026782306029574876e+00 1.298499644980615209e+01 6.026782306029574876e+00 -1.305587863148588745e+01
2.525808030846733132e+01 -9.908579805229754456e+00 -1.244499755199355562e+01 -9.908579805229754456e+00 -1.823983640618841662e+01 -1.167137726811838760e+01 -1.244499755199355562e+01 -1.167137726811838760e+01 -3.498301148576404285e-01
3.363938780253525351e+01 2.159753882451061457e+01 -8.872886532809216575e+00 2.159753882451061457e+01 -8.506806509880869172e+00 -8.673148964408714079e+00 -8.872886532809216575e+00 -8.673148964408714079e+00 1.033744505334050778e+01
1.139567270769935803e+01 -1.606671875217044132e+01 1.791311943616503033e+00 -1.606671875217044132e+01 1.094541349912735129e+01 3.526453863348748552e+00 1.791311943616503033e+00 3.526453863348748552e+00 2.515019212857077413e+00
6.566019508671016247e+00 -1.179074411410648082e+01 7.749051494969847020e+00 -1.179074411410648082e+01 4.702210310280617589e-02 3.205208636506533537e+00 7.749051494969847020e+00 3.205208636506533537e+00 1.186468332918798296e+01
3.221648436518776037e+01 1.250808633253882807e+00 1.230833852570563658e-01 1.250808633253882807e+00 1.085043386269870069e+01 3.349149052716591690e+00 1.230833852570563658e-01 3.349149052716591690e+00 2.333455675145449604e+01
1.235645434435892298e+01 -9.133596315826769896e+00 6.773345246783764040e+00 -9.133596315826769896e+00 2.086166417415008745e+00 -6.604354122187096721e+00 6.773345246783764040e+00 -6.604354122187096721e+00 1.616763565075135967e+00
1.956518182626818358e+01 1.179966030980340363e+00 7.364389118856959016e+00 1.179966030980340363e+00 4.518473420773341331e+01 1.471243916632898241e+01 7.364389118856959016e+00 1.471243916632898241e+01 2.938400508223809382e+01
8.462833890297982720e+00 5.718952306309320832e+00 4.047630829654137230e+00 5.718952306309320832e+00 -6.187682378435377828e+00 -1.618428483586113842e+01 4.047630829654137230e+00 -1.618428483586113842e+01 1.362748476034090217e-01
2.218727130382179880e+01 -1.496209171949744743e+01 -3.191681088286230317e+00 -1.496209171949744743e+01 -1.524417621722891170e+01 -2.525752471358745144e+00 -3.191681088286230317e+00 -2.525752471358745144e+00 1.432739512700717732e+01
-6.429579640856090350e+00 -5.683680047982569761e+00 1.474300013962365874e+01 -5.683680047982569761e+00 -1.141093124785955837e+01 7.893297897886824899e+00 1.474300013962365874e+01 7.893297897886824899e+00 1.883000306471262064e+01
-2.225368176062620496e+00 1.023321961299475530e-01 -2.063426690560473897e+00 1.023321961299475530e-01 1.164235885128311310e+01 5.277333368893454946e+00 -2.063426690560473897e+00 5.277333368893454946e+00 2.707244774001908638e+01
2.015862390082168432e+01 -1.738183672520025169e+01 -7.793182853650111319e+00 -1.738183672520025169e+01 1.759579930742502896e+01 -9.578152520099266098e+00 -7.793182853650111319e+00 -9.578152520099266098e+00 1.203585230429049524e+01
2.092010834421105692e+00 1.450415415913331785e+01 2.703713354901203569e+00 1.450415415913331785e+01 4.657776377462539585e+00 -4.147896968727185829e+00 2.703713354901203569e+00 -4.147896968727185829e+00 2.143872949350875245e+01
1.369001997850803143e+01 1.030655345550969315e+01 -9.840102204811453035e+00 1.030655345550969315e+01 -1.186587909144536823e+01 2.904047912809525567e+00 -9.840102204811453035e+00 2.904047912809525567e+00 1.788368167079519111e+01
1.439218039333015398e+01 1.445021994490785033e+01 -1.076327844252115185e+01 1.445021994490785033e+01 8.350963988895447443e+00 3.506707088484124490e+00 -1.076327844252115185e+01 3.506707088484124490e+00 2.793637677273859143e+00
-2.235386713924222502e+00 -8.838832592654551235e+00 -5.249134378974557730e-02 -8.838832592654551235e+00 7.813814957234821890e+00 2.335679764373136180e+00 -5.249134378974557730e-02 2.335679764373136180e+00 1.943417222097908592e+01
1.807118284679542342e+01 -8.293707977550454302e+00 -1.010669922292775524e+01 -8.293707977550454302e+00 -2.740750485698092209e+00 7.095309929032602270e+00 -1.010669922292775524e+01 7.095309929032602270e+00 -1.207599799516316175e+01
1.133465882727261764e+01 9.313336733524145927e+00 -7.993670897192820313e+00 9.313336733524145927e+00 2.030491352032641306e+00 5.133074539644112200e+00 -7.993670897192820313e+00 5.133074539644112200e+00 1.506974243685103509e+01
-1.078764399561219989e+01 -3.069118627859217074e+00 -4.265648702230230960e+00 -3.069118627859217074e+00 -2.042445968418994795e+01 2.688404174026638671e+00 -4.265648702230230960e+00 2.688404174026638671e+00 -1.220637666874690908e+01
1.497964439497159184e+01 1.431815924851770028e+01 5.462062868641518243e+00 1.431815924851770028e+01 -6.095329753431721009e+00 3.214689156454606511e-01 5.462062868641518243e+00 3.214689156454606511e-01 6.043678175838554267e+00
-1.543739042843190390e+01 -4.666074503086872660e+00 7.890142793988504266e+00 -4.666074503086872660e+00 1.018028857255382613e+00 2.287158719341418234e+00 7.890142793988504266e+00 2.287158719341418234e+00 1.987072501875154273e+01
-9.292813037193354830e+00 4.129597790153005654e+00 4.042764305568183225e+00 4.129597790153005654e+00 2.564006764871518684e-01 -2.165613255799872761e+01 4.042764305568183225e+00 -2.165613255799872761e+01 -9.368933385760533028e+00
2.795436970688464129e+01 -5.524303567971794671e+00 -4.373055045357116200e+00 -5.524303567971794671e+00 1.609851302558573494e+01 5.499156331501328765e+00 -4.373055045357116200e+00 5.499156331501328765e+00 2.381987539061148240e+01
2.494656040481007153e+01 6.786606883507771748e+00 -1.583976691574250495e+01 6.786606883507771748e+00 -1.474640340954025497e+01 3.787080683937773529e+00 -1.583976691574250495e+01 3.787080683937773529e+00 3.117492094167153116e+00
-1.012573058706340490e+01 5.436055534094957897e-01 1.021678760544155473e+01 5.436055534094957897e-01 -1.434644621191510705e+00 4.118461203460934250e+00 1.021678760544155473e+01 4.118461203460934250e+00 7.776141123654885412e+00
4.326650015896356116e+00 2.119785237755102969e+00 -7.492414624244829291e+00 2.119785237755102969e+00 1.420908698133548498e+01 2.620127327757229563e-01 -7.492414624244829291e+00 2.620127327757229563e-01 1.797814415264820553e+01
-1.031600910138982696e+00 -1.280921941369224726e+01 1.788549710575437324e+00 -1.280921941369224726e+01 -1.839495459532183830e+01 5.553531529472923722e+00 1.788549710575437324e+00 5.553531529472923722e+00 2.045980329741280812e+01
-1.015484690820183111e+01 -1.716172678856478484e+01 2.042311932826464371e+01 -1.716172678856478484e+01 -2.876972644014110791e+00 -1.142023691621873205e+01 2.042311932826464371e+01 -1.142023691621873205e+01 -1.077716449052062408e+01
-1.175680697711533496e+00 1.623174615505684315e+01 -3.399979073636532068e+00 1.623174615505684315e+01 1.275597862438480945e+01 8.424335012742167450e+00 -3.399979073636532068e+00 8.424335012742167450e+00 8.402931003210083460e+00
1.882259575653194350e+00 -6.982101832836187683e+00 7.906040239535434111e+00 -6.982101832836187683e+00 -2.046256073240502182e+00 2.447433968021401451e+00 7.906040239535434111e+00 2.447433968021401451e+00 6.513713675165789141e+00
4.955935298120962784e+00 6.358159294399881034e+00 -1.723354832102962586e+00 6.358159294399881034e+00 -1.195049349469128863e+01 -1.187652758287771526e+01 -1.723354832102962586e+00 -1.187652758287771526e+01 -2.107847298721886631e+01
1.452166095507026178e+01 -5.371811856468921675e+00 -4.828067541081153990e+00 -5.371811856468921675e+00 -6.266277242333921471e+00 2.626448300208915843e+00 -4.828067541081153990e+00 2.626448300208915843e+00 -7.331324895930282359e+00
3.071328891621318835e+00 -5.530799569342360833e+00 1.055036420052945800e+01 -5.530799569342360833e+00 1.367799005318409922e+00 -2.658997366905300197e+00 1.055036420052945800e+01 -2.658997366905300197e+00 -9.491395406365905174e+00
-1.400494257090648986e+01 -1.655325031334057062e+00 -9.626900398355486388e+00 -1.655325031334057062e+00 -2.302047030351615575e+01 3.186985204837695651e+00 -9.626900398355486388e+00 3.186985204837695651e+00 -2.426403605915050932e+01
-5.385389178172778735e+00 -7.083784167270494869e+00 -2.441522017888933180e-03 -7.083784167270494869e+00 -8.919734127756735020e+00 -9.625330322223378587e+00 -2.441522017888933180e-03 -9.625330322223378587e+00 7.659977860437395591e+00
-6.666415982770903526e+00 7.756204843443316399e+00 -9.874629298893301765e+00 7.756204843443316399e+00 -2.039584235644507526e+00 -2.606520088178030936e-01 -9.874629298893301765e+00 -2.606520088178030936e-01 2.241316149095689880e+01
-7.246055476846000154e+00 2.042322708968228184e+01 1.518116083694675744e+01 2.042322708968228184e+01 -9.063266035856061720e+00 1.118265195058136596e+00 1.518116083694675744e+01 1.118265195058136596e+00 -1.602555556310776907e+01
-1.229388232978575601e+01 1.799560437658414280e-01 -3.354339053489844069e+00 1.799560437658414280e-01 -1.528523189841429186e+01 -1.099455091334148982e+01 -3.354339053489844069e+00 -1.099455091334148982e+01 -7.505555153664257517e+00
3.288696158164121197e+00 -3.132954131944009735e+00 5.614754957674585434e+00 -3.132954131944009735e+00 2.169454574779287626e+01 -1.903007930806312942e+01 5.614754957674585434e+00 -1.903007930806312942e+01 -3.512865959296421181e+01
1.524210313102556569e+01 2.670290761434667370e+00 1.734715989976419337e+01 2.670290761434667370e+00 2.171213323417158492e+01 1.639639763367336078e+00 1.734715989976419337e+01 1.639639763367336078e+00 -1.088780294790983483e+01
7.493306930094414398e+00 7.427505066199177608e-02 -2.059792735684291998e+01 7.427505066199177608e-02 -1.667989903892718573e+01 -2.887415595073346886e+00 -2.059792735684291998e+01 -2.887415595073346886e+00 1.220772620193452340e+01
4.256284713636933503e+00 1.156113728243361827e+01 1.248442559459111756e+01 1.156113728243361827e+01 -1.242199020146053989e+00 -2.114500688647389026e+01 1.248442559459111756e+01 -2.114500688647389026e+01 9.000061018931065249e+00
4.298419916713566380e+00 -6.452629456239312944e+00 2.049358883441976431e+01 -6.452629456239312944e+00 2.555243380505771711e+01 -6.025483051976985749e+00 2.049358883441976431e+01 -6.025483051976985749e+00 1.214807568296558493e+01
-8.451815825555049955e+00 -1.291529053791352055e+01 1.213685663392186775e+01 -1.291529053791352055e+01 7.896168248336609352e+00 8.155218385595533803e+00 1.213685663392186775e+01 8.155218385595533803e+00 -6.577294830086491295e+00
3.989725372167277406e+00 6.362307578584060153e+00 1.236522833143219913e+01 6.362307578584060153e+00 1.074662666826308310e+01 6.234109644292791685e+00 1.236522833143219913e+01 6.234109644292791685e+00 3.314328223419342301e+00
-5.311526035756369835e-01 -3.359736460305629446e+00 6.308665785325799469e+00 -3.359736460305629446e+00 1.487265831358735912e+00 1.039959770674858536e-01 6.308665785325799469e+00 1.039959770674858536e-01 7.210818653893390717e+00
8.812557105795274737e+00 -1.391768286239227947e+01 9.356709620395781357e+00 -1.391768286239227947e+01 1.658993535550108334e+01 1.081669874048241198e+01 9.356709620395781357e+00 1.081669874048241198e+01 2.793481603738118935e+01
7.998904895884678901e+00 3.185865206620765111e+00 -1.210442161607850764e+01 3.185865206620765111e+00 1.495111959247884847e+01 -1.039744810260119223e+00 -1.210442161607850764e+01 -1.039744810260119223e+00 -9.380254509841035926e+00
-1.230599548399434440e+01 5.396734715866454479e+00 4.812378519890324391e+00 5.396734715866454479e+00 -1.223979992929575289e+01 4.332791242449089530e+00 4.812378519890324391e+00 4.332791242449089530e+00 -4.187839024292089540e+00
2.777350874007741055e+00 1.081257908450608696e+01 -3.409634985688108078e+00 1.081257908450608696e+01 -1.015546324918018151e+01 -1.078079229850891663e+00 -3.409634985688108078e+00 -1.078079229850891663e+00 -2.611142423136239454e+00
1.835509012447305688e+00 4.635788420456464998e+00 -1.151147904846518877e+01 4.635788420456464998e+00 -3.745468867600572072e+00 9.620579233498683935e-01 -1.151147904846518877e+01 9.620579233498683935e-01 2.108802850698199904e+01
-9.956353779303988460e+00 2.455086640060904912e+01 1.460463116841044773e+01 2.455086640060904912e+01 -2.385257521502403577e+01 -2.539381959987113468e+00 1.460463116841044773e+01 -2.539381959987113468e+00 4.784885829264708512e+00
-4.874598804011008313e-01 3.835635445575348523e+00 7.357284418670616277e-02 3.835635445575348523e+00 -3.366786497550762203e+00 9.934939350321198015e-01 7.357284418670616277e-02 9.934939350321198015e-01 -7.501492888769603518e+00
-8.375706051142206121e+00 4.200056607464085268e+00 1.295162243049417850e+00 4.200056607464085268e+00 4.298238858578233845e+00 2.470030889849442191e-01 1.295162243049417850e+00 2.470030889849442191e-01 2.324719308869035928e+01
1.069449724739556551e+01 -3.687256165145718523e+00 -6.655433793512556484e+00 -3.687256165145718523e+00 -1.179551276405519822e+01 3.509194550718728767e+00 -6.655433793512556484e+00 3.509194550718728767e+00 1.358694543181571923e+01
9.148079973134693788e+00 -5.438267245121500615e+00 5.804777930350082382e-01 -5.438267245121500615e+00 2.941083983733436469e+01 -1.581047501009121881e+01 5.804777930350082382e-01 -1.581047501009121881e+01 1.354257652475313600e+00
1.794862615342823275e+01 -1.091503005911807023e+01 -1.336809223128209645e+01 -1.091503005911807023e+01 1.445559135484017510e+01 -1.541261654217178290e+01 -1.336809223128209645e+01 -1.541261654217178290e+01 2.383822340700006137e+01
-1.434473336107745567e+01 4.089973899586238915e+00 7.464119913800035810e+00 4.089973899586238915e+00 1.071584972021594062e+01 -6.702920238347563897e-01 7.464119913800035810e+00 -6.702920238347563897e-01 1.907272787646737244e+00
9.915179600529230086e+00 7.491432799018719280e+00 5.432273943003425920e+00 7.491432799018719280e+00 -3.021387335759154524e+00 -2.645304328283497597e-01 5.432273943003425920e+00 -2.645304328283497597e-01 1.224587602832828459e+01
2.131693151516041240e+01 1.368364892500184116e+00 1.039661453965004156e+01 1.368364892500184116e+00 5.622905334657936294e+00 -3.248800150654274077e+00 1.039661453965004156e+01 -3.248800150654274077e+00 3.760675886316204952e+01
1.079657502964616533e+01 -5.961592028654226105e+00 4.250440913042292657e+00 -5.961592028654226105e+00 1.632705990164663890e+00 -2.185951593044129115e+00 4.250440913042292657e+00 -2.185951593044129115e+00 2.439586077954580379e+00
3.319717872200635078e+00 3.999697485209456005e+00 1.794892182596665009e+01 3.999697485209456005e+00 3.536254220705297602e+00 -1.559362496391943864e+01 1.794892182596665009e+01 -1.559362496391943864e+01 5.465730620199829026e+00
8.950982977754505798e-01 -1.011648712033275643e+01 -5.926038366290165449e+00 -1.011648712033275643e+01 -2.089031450294792425e+00 8.350208167275452453e-01 -5.926038366290165449e+00 8.350208167275452453e-01 3.162236627547368339e+00
1.933415486957598350e+00 -1.301961208802361902e+01 -2.930148630308780255e+00 -1.301961208802361902e+01 1.224350387223596037e+01 8.974489182161827117e+00 -2.930148630308780255e+00 8.974489182161827117e+00 2.222871935913939279e+00
6.834626176810019160e+00 -1.123795642456325616e+01 7.252201512992719756e+00 -1.123795642456325616e+01 1.628902780794052774e+01 -4.942064582505008019e-01 7.252201512992719756e+00 -4.942064582505008019e-01 1.505438131468178042e+01
4.115080303567468789e+00 -4.379869362235820240e+00 -2.695628602375484295e+00 -4.379869362235820240e+00 1.081685920139214829e+01 2.870578662453718177e+00 -2.695628602375484295e+00 2.870578662453718177e+00 -4.367332275155046517e+00
-2.337135220016397952e+01 1.213620102906083886e+01 -4.889060362154975969e+00 1.213620102906083886e+01 6.346373111663321076e+00 1.073282665510973644e+01 -4.889060362154975969e+00 1.073282665510973644e+01 1.825935165882712141e+01
1.604485004308312313e+01 3.280313814702385145e+00 1.643985072145388671e+01 3.280313814702385145e+00 3.131504845246514890e+01 2.846321792865345035e+00 1.643985072145388671e+01 2.846321792865345035e+00 -6.546520121816071125e+00
1.304465287650467786e+01 6.578421257676781764e+00 2.102474684353106937e+01 6.578421257676781764e+00 1.016452020987647842e+01 -2.513876046931094344e+00 2.102474684353106937e+01 -2.513876046931094344e+00 1.981449066696061578e+00
-1.977021083675752067e+01 1.835885020600879658e+00 1.196592080002433001e+01 1.835885020600879658e+00 7.198246957817264757e+00 -4.883160210779312393e+00 1.196592080002433001e+01 -4.883160210779312393e+00 -2.251834307183075623e+01
-1.864008017842519038e+01 -1.412792761469606306e+00 -2.374390543141888354e+00 -1.412792761469606306e+00 7.939358694130886462e+00 -9.927553299755476957e+00 -2.374390543141888354e+00 -9.927553299755476957e+00 1.712846412464244850e+01
9.735411780099558765e-01 9.332126636983350210e+00 1.113195260174485890e+00 9.332126636983350210e+00 1.955887761826727456e+01 -7.284339589709317941e+00 1.113195260174485890e+00 -7.284339589709317941e+00 -9.753172622555394966e+00
-1.040244493421509198e+01 -1.830095343690501153e+01 2.561168057341143367e+01 -1.830095343690501153e+01 7.921012079798716243e+00 2.681792706191998832e+00 2.561168057341143367e+01 2.681792706191998832e+00 2.331730456089565529e+00
-7.658580664812456362e+00 -7.576687278454389940e+00 5.115052665992170233e+00 -7.576687278454389940e+00 -1.524406929526223209e+01 8.631725974838303728e+00 5.115052665992170233e+00 8.631725974838303728e+00 3.942730167824481047e+00
1.360011909593347745e+01 -1.212560696912314029e+01 1.588269657378441657e+01 -1.212560696912314029e+01 -1.457191920643709793e+01 -2.046107708529224301e+00 1.588269657378441657e+01 -2.046107708529224301e+00 7.172154833767932836e+00
2.369568857757461089e+01 9.102419616608431463e-01 5.542144866972172679e+00 9.102419616608431463e-01 1.433424400055727688e+01 8.205572207569499454e+00 5.542144866972172679e+00 8.205572207569499454e+00 -1.320900656918313931e+00
-5.655218504712899552e+00 3.062190813827892377e+00 1.211806191420533985e+01 3.062190813827892377e+00 1.479899130457374135e+01 -1.696014438380384570e+00 1.211806191420533985e+01 -1.696014438380384570e+00 2.992488454679916288e+01
1.347496917733406008e+01 -6.443443496288487005e+00 -9.711490157516418975e+00 -6.443443496288487005e+00 -7.194428363882400035e+00 6.044495479436306162e+00 -9.711490157516418975e+00 6.044495479436306162e+00 9.378981115928043621e+00
-6.113108407495491115e+00 1.426224173705049170e+00 3.956801877036023374e+00 1.426224173705049170e+00 -4.472498398322954039e+00 -5.082192218443966958e+00 3.956801877036023374e+00 -5.082192218443966958e+00 -9.457676971592070103e+00
-7.925604904327318678e+00 4.415985541972358361e-03 1.071228250226359080e+01 4.415985541972358361e-03 -8.627424776482085278e+00 5.887253888506539745e+00 1.071228250226359080e+01 5.887253888506539745e+00 1.117045424395660724e+01
-7.228978088298992688e+00 -8.640720958952282871e+00 4.815571683548708570e+00 -8.640720958952282871e+00 -1.096560243650051270e+01 1.673869657321609417e+00 4.815571683548708570e+00 1.673869657321609417e+00 -1.136558216932781029e+01
1.026590951770206139e+01 3.184925223853591447e+00 7.375612078533634985e+00 3.184925223853591447e+00 2.310592817625066075e+01 -8.085682136014705534e+00 7.375612078533634985e+00 -8.085682136014705534e+00 2.106770970146913413e+01
-1.522344033813448405e+01 -6.617240529999619092e+00 1.869727847467518345e+01 -6.617240529999619092e+00 1.848369445600793881e+01 -2.039198575979210393e+00 1.869727847467518345e+01 -2.039198575979210393e+00 -2.998087886886286313e+01
-5.430855459830529419e+00 8.869121133772766008e-01 1.573436719236264913e+01 8.869121133772766008e-01 1.311599107246090945e+01 -1.169337159906189605e+01 1.573436719236264913e+01 -1.169337159906189605e+01 -8.149157114020866288e+00
1.471565742891034567e+01 6.756777863398825801e+00 6.976537649327622326e+00 6.756777863398825801e+00 -2.461283531803788449e+00 5.174823148629578817e+00 6.976537649327622326e+00 5.174823148629578817e+00 7.528783154512253439e+00
5.390719247022974336e+00 -1.295225251697842639e+00 -1.490868457467425134e+00 -1.295225251697842639e+00 1.362676920782834422e+00 2.926775995375088257e+00 -1.490868457467425134e+00 2.926775995375088257e+00 1.588184146482286785e+01
9.191056575768607573e+00 1.265192852493575160e+01 5.197517333513798299e+00 1.265192852493575160e+01 1.791911792084473376e+00 -1.288522943986801472e+01 5.197517333513798299e+00 -1.288522943986801472e+01 -1.698068014583069996e+01
-4.247041700636891015e+00 -2.280070974621227542e+00 -4.143050185908340843e+00 -2.280070974621227542e+00 -6.040526426386175096e+00 -5.848654605079761648e-01 -4.143050185908340843e+00 -5.848654605079761648e-01 1.650192368612466964e+01
-2.609601799213748574e+00 9.630515745465679345e+00 -9.589592536614822693e-01 9.630515745465679345e+00 -8.078920430850192957e+00 -1.540072150371295800e-01 -9.589592536614822693e-01 -1.540072150371295800e-01 1.795464890105152733e+01
6.945461755215214694e+00 -1.469223918197492429e+00 1.586171807609156481e+01 -1.469223918197492429e+00 -1.318559048266898159e+01 -1.342854234006926184e+01 1.586171807609156481e+01 -1.342854234006926184e+01 -9.877560074182721195e+00
7.473706625678116389e+00 1.751157316969185018e+01 1.417122448178528060e+01 1.751157316969185018e+01 1.624415635717828010e+01 -2.330668738274136675e+00 1.417122448178528060e+01 -2.330668738274136675e+00 9.551671931629357459e+00
-2.732587820634454712e+00 -1.246240479209220275e+01 -4.854482869377756415e+00 -1.246240479209220275e+01 -1.827865333861725228e+00 3.557804583408783472e+00 -4.854482869377756415e+00 3.557804583408783472e+00 1.401858317987179170e+01
5.859361905701359063e+00 1.051928390977977301e+01 -5.152721313322910390e+00 1.051928390977977301e+01 1.820655346210982373e+01 4.444014421989253449e+00 -5.152721313322910390e+00 4.444014421989253449e+00 6.335457886306500974e+00
-1.229844487520505325e+01 7.737734283273968394e+00 1.971943334661560598e+01 7.737734283273968394e+00 1.221251073785420971e+01 1.734067609058935311e+00 1.971943334661560598e+01 1.734067609058935311e+00 1.837625109107631616e+01
-7.085690870817304976e+00 -3.196180906428119917e-01 7.426101425221117935e+00 -3.196180906428119917e-01 -7.791779837896308791e-01 1.931619351087327630e+00 7.426101425221117935e+00 1.931619351087327630e+00 1.730971898357060823e+01
6.877634168674000570e-01 5.781129991768903409e+00 1.430198003659448958e+01 5.781129991768903409e+00 2.315614964596099767e+01 -3.271478820385229191e+00 1.430198003659448958e+01 -3.271478820385229191e+00 -4.976445409919167062e+00
6.803840733696355336e+00 3.774887260096808639e+00 -1.942019270081552618e+00 3.774887260096808639e+00 -6.609438908828629167e+00 -1.380528231883296186e+01 -1.942019270081552618e+00 -1.380528231883296186e+01 -2.319646922350222074e+00
2.558195185720205345e+01 -4.243176711504767162e+00 -2.198898506313855972e+00 -4.243176711504767162e+00 3.030354772847418499e+00 -5.559168227149769770e+00 -2.198898506313855972e+00 -5.559168227149769770e+00 1.543480827209711137e+01
-1.150655718373491432e+01 2.209661283741934046e+00 -4.843038112390971150e+00 2.209661283741934046e+00 1.182981864734524713e+01 -2.284997062265303469e-01 -4.843038112390971150e+00 -2.284997062265303469e-01 1.577298210149223578e+01
1.945607009664202280e+01 7.083610529542982981e-01 -1.047195808935175876e+01 7.083610529542982981e-01 -1.080688200192200910e+01 -2.354121818457167725e-01 -1.047195808935175876e+01 -2.354121818457167725e-01 -6.098222847499526367e+00
-1.748517175052748840e+01 5.384863117604839822e+00 -5.043812020154769371e+00 5.384863117604839822e+00 -1.570173323551444788e+01 8.043528966257381896e+00 -5.043812020154769371e+00 8.043528966257381896e+00 -1.543410027431042764e+01
1.239881421217921442e+01 -9.625865306208311045e-01 -5.714784551930712775e-01 -9.625865306208311045e-01 6.642780641433846611e+00 -1.526129983069158369e+00 -5.714784551930712775e-01 -1.526129983069158369e+00 -1.037485793083959607e+01
-1.011384189228544273e+01 -8.583618298608316488e-01 -9.239978741603094292e+00 -8.583618298608316488e-01 4.638749646637525537e+00 -8.168452941155754932e-01 -9.239978741603094292e+00 -8.168452941155754932e-01 9.728479440834059133e+00
-1.110277900172105170e+01 -1.060643244394620943e+01 1.292179174497181648e+01 -1.060643244394620943e+01 3.363721359218198703e+00 2.409501074788135355e+00 1.292179174497181648e+01 2.409501074788135355e+00 -4.219205162959376310e+00
-2.116547889352421663e+01 3.210589561508165435e+00 2.274902100588459675e+01 3.210589561508165435e+00 1.040244378444912599e+01 -8.622609822365372878e+00 2.274902100588459675e+01 -8.622609822365372878e+00 8.833094625742866413e+00
2.419266797114065781e+00 1.065455161260006989e+01 -8.587248988123046267e-01 1.065455161260006989e+01 8.262371387500472508e+00 2.092300822535158034e+01 -8.587248988123046267e-01 2.092300822535158034e+01 7.089009672072392743e-01
3.624551536159650311e+00 -2.362632648445596573e+01 7.177659790503869708e+00 -2.362632648445596573e+01 -7.712011529604352766e+00 2.535314862138678293e+00 7.177659790503869708e+00 2.535314862138678293e+00 5.822353278861028159e+00
5.746023762757621611e+00 -5.354823987818554620e+00 -6.044230088663844036e+00 -5.354823987818554620e+00 -4.744213925183693448e+00 -3.002133576819019170e-02 -6.044230088663844036e+00 -3.002133576819019170e-02 2.717550327060854087e+00
-2.603285593805424014e+01 -2.932270048696613562e-01 2.209456878737776631e+00 -2.932270048696613562e-01 1.169183830939116930e+00 3.261401069996189062e+00 2.209456878737776631e+00 3.261401069996189062e+00 1.795791155347560508e+00
6.621400052978242634e+00 1.132175473175638913e+01 5.812156725294793880e+00 1.132175473175638913e+01 -1.228551979457351884e+01 -7.931224433005717778e+00 5.812156725294793880e+00 -7.931224433005717778e+00 3.359672147756529448e+00
-2.307114813681665666e+01 -1.079016371846011602e+01 6.412888171888179834e+00 -1.079016371846011602e+01 1.678638255866759010e+01 2.076133330494969620e+00 6.412888171888179834e+00 2.076133330494969620e+00 1.409056061569050478e+01
1.049928508985558651e+01 4.147700605296478771e-01 4.355717411642432424e+00 4.147700605296478771e-01 7.120833316711599359e+00 -1.337794030839372761e+00 4.355717411642432424e+00 -1.337794030839372761e+00 1.687009409171617591e+01
-3.003561079735007633e-01 2.241868317535159250e+00 -4.507654749334790267e+00 2.241868317535159250e+00 1.745393406624785371e+01 -5.505569010394502527e+00 -4.507654749334790267e+00 -5.505569010394502527e+00 -6.965004851529953633e+00
-2.336320069386872422e+00 -4.143366558856194537e+00 -4.528131530446128039e+00 -4.143366558856194537e+00 -1.139463649173359272e+01 -2.495187362183264312e+00 -4.528131530446128039e+00 -2.495187362183264312e+00 9.975930796359017805e+00
1.075084316698139020e+01 -3.441169838673125092e+00 5.626533145234448030e-01 -3.441169838673125092e+00 -7.174437481399784211e+00 -5.502905399840273049e+00 5.626533145234448030e-01 -5.502905399840273049e+00 7.232152618783581843e+00
-3.041411316732937209e+01 -5.916521286540081803e+00 -7.463458426750598562e+00 -5.916521286540081803e+00 -2.420215727326280231e+01 4.899949564107592970e+00 -7.463458426750598562e+00 4.899949564107592970e+00 -4.556392217173637071e+00
-2.344076348845167956e+01 -2.660897401847996058e+00 7.905614179747142423e+00 -2.660897401847996058e+00 -5.394603334543333517e+00 -1.401006981670870921e+01 7.905614179747142423e+00 -1.401006981670870921e+01 -5.407836781882692456e+00
-7.106899509187200259e+00 -1.638513005896147590e+01 -4.674715091184800997e+00 -1.638513005896147590e+01 -9.236638654747347132e+00 8.281376046291354598e+00 -4.674715091184800997e+00 8.281376046291354598e+00 -1.246634644030162420e+01
-3.252028867269442003e+01 6.067524981060230527e-01 -3.260010875014980769e+00 6.067524981060230527e-01 -3.390706975619416852e+01 7.279490465300153978e+00 -3.260010875014980769e+00 7.279490465300153978e+00 -8.415711365722671644e+00
1.009434291577448839e+01 -1.411555836390707697e+00 2.678150287552544251e-01 -1.411555836390707697e+00 -2.037287635008262043e+00 3.370308776658348826e+00 2.678150287552544251e-01 3.370308776658348826e+00 -4.778118357276138539e+00
1.149439536954778074e+00 -7.490603258263152320e+00 1.700266509892887079e+00 -7.490603258263152320e+00 -5.751752520543613301e+00 -1.205477826182691281e+00 1.700266509892887079e+00 -1.205477826182691281e+00 1.199136667123673128e+01
-1.591161392389938101e+01 -2.711253102929315872e+00 8.735691312296862687e-01 -2.711253102929315872e+00 -6.905667167207012014e+00 -1.239290871373793124e+01 8.735691312296862687e-01 -1.239290871373793124e+01 -1.460485814655851833e+01
-1.981253223169539890e+00 -5.129821369989609359e+00 -1.576014219542172468e+00 -5.129821369989609359e+00 1.640756960674558229e+01 1.526212328428106169e+01 -1.576014219542172468e+00 1.526212328428106169e+01 1.213911037726408537e+01
-2.789544242270774532e+01 -1.157842002090843891e+01 -7.138018567586093432e+00 -1.157842002090843891e+01 -3.903252048542508845e+00 -5.821611632644256851e+00 -7.138018567586093432e+00 -5.821611632644256851e+00 -8.826292962992805968e+00
-6.915089967656639303e+00 3.553856940150456278e+00 5.656982389788276500e+00 3.553856940150456278e+00 8.590998072924600493e+00 8.722788873420567413e+00 5.656982389788276500e+00 8.722788873420567413e+00 7.205658307413107977e+00
8.837932733992592826e-02 1.361724607684654309e+01 1.187729890657419851e+00 1.361724607684654309e+01 2.691085341202476755e+01 3.977347961141688870e+00 1.187729890657419851e+00 3.977347961141688870e+00 1.319371178629135422e+01
-3.689100528142161295e+01 -6.031405145012260327e+00 9.716920723825337447e+00 -6.031405145012260327e+00 -2.263341634814339542e+01 9.251540977361626616e+00 9.716920723825337447e+00 9.251540977361626616e+00 -9.829508705202577801e+00
-3.708911104814366588e+00 -5.853510396701329555e+00 -2.057696892871066829e+00 -5.853510396701329555e+00 6.536399283759497081e+00 8.251039413254570576e+00 -2.057696892871066829e+00 8.251039413254570576e+00 6.747630591476644568e+00
4.456608572083677444e+01 -1.408795016854358373e+00 -1.245168913942191224e+01 -1.408795016854358373e+00 2.589069839674428053e+01 -2.312525622914866907e-01 -1.245168913942191224e+01 -2.312525622914866907e-01 2.808590937161983447e+01
-2.179704945918808257e+00 -2.263845908980370414e+00 3.818385250978164169e+00 -2.263845908980370414e+00 -3.016319493649991657e+01 2.015709206744768611e+00 3.818385250978164169e+00 2.015709206744768611e+00 6.067718585875838677e+00
2.761715822457477820e+00 -8.176713921430350140e+00 1.335739854013601047e+01 -8.176713921430350140e+00 1.933662249296877178e+01 -3.068148135211551608e+00 1.335739854013601047e+01 -3.068148135211551608e+00 -7.131277098829409411e+00
3.108396316657051184e+00 -8.651190181068827201e+00 -8.581002959500517946e+00 -8.651190181068827201e+00 2.602685350485421267e+01 5.500833671604008934e+00 -8.581002959500517946e+00 5.500833671604008934e+00 -1.796718240381688370e+00
-2.533637033188497156e+01 2.018240030209476288e+01 3.555487083826554429e+00 2.018240030209476288e+01 -5.317668335652821376e+00 3.662510781014079786e+00 3.555487083826554429e+00 3.662510781014079786e+00 6.537091742768778246e+00
9.561116317644689389e+00 -4.788855649183760832e+00 1.339510564807149962e+01 -4.788855649183760832e+00 -1.051499089256172859e+01 -1.595314352122475743e+00 1.339510564807149962e+01 -1.595314352122475743e+00 -1.557895508574701005e+01
-1.049249553297827475e+01 2.330242679078057044e+00 -8.561408315052455364e+00 2.330242679078057044e+00 -2.607196953491070168e+00 7.853140595723456130e+00 -8.561408315052455364e+00 7.853140595723456130e+00 9.958007908708680356e-01
1.656297465109509659e+01 -1.480069535464878960e+01 -4.920446818637462250e-01 -1.480069535464878960e+01 -9.730970283348215233e+00 1.682087145580786647e+00 -4.920446818637462250e-01 1.682087145580786647e+00 1.461361719135294557e+01
-4.692430968710362471e+00 -1.500643253837885638e+01 1.136252428127035508e+01 -1.500643253837885638e+01 1.712695326137160023e+00 -1.691275380779824289e+01 1.136252428127035508e+01 -1.691275380779824289e+01 9.951148307333452792e+00
-1.235698866132444884e+01 -1.670431168574540326e+00 1.034763399397754924e+01 -1.670431168574540326e+00 1.360912878027646578e+01 1.294331157748101191e+01 1.034763399397754924e+01 1.294331157748101191e+01 -1.601221996449272922e+01
-4.751627498964362317e+00 1.502989497741459068e+01 -1.472475137399111622e+00 1.502989497741459068e+01 2.368190707293534913e+01 4.541234920740055969e+00 -1.472475137399111622e+00 4.541234920740055969e+00 -8.786315947464391485e+00
5.837351424461973082e+00 -6.344812772599471629e+00 -6.662593447105216171e+00 -6.344812772599471629e+00 2.496043635852287057e+00 8.880365651319507947e+00 -6.662593447105216171e+00 8.880365651319507947e+00 3.515707694379136683e+01
-1.522404164552633432e+01 6.298339015022715870e+00 -1.200524193744459733e+00 6.298339015022715870e+00 -9.735377611762773498e+00 7.302637259799985792e+00 -1.200524193744459733e+00 7.302637259799985792e+00 1.169468922072643657e+01
-2.654388555948434814e+00 1.268904365839562587e+01 3.026816393069185374e+00 1.268904365839562587e+01 -6.385699771334411246e+00 1.099708008416413918e+00 3.026816393069185374e+00 1.099708008416413918e+00 5.106044442479386269e+00
-1.411747794899233099e+01 -5.447041645492481265e+00 1.174334873393659961e+01 -5.447041645492481265e+00 1.711441832653304473e+01 -5.195881120719652024e+00 1.174334873393659961e+01 -5.195881120719652024e+00 -1.452561646427552233e+01
-2.084025797480280051e+00 1.197686851076701586e+01 1.400383749965186198e+01 1.197686851076701586e+01 4.330076463596512326e+00 -1.435000010588198815e+00 1.400383749965186198e+01 -1.435000010588198815e+00 -2.557523989024825362e+00
-1.642535765866386299e+01 -1.413697780143310645e+01 8.019952713680025269e+00 -1.413697780143310645e+01 8.327919228119942119e+00 7.388941568703621954e+00 8.019952713680025269e+00 7.388941568703621954e+00 -1.355349600888234640e+01
-1.115761060823643547e+01 -1.838843256244489410e+01 -1.704802876986505789e+00 -1.838843256244489410e+01 -1.327761989234848627e+01 -1.088251179328004348e+01 -1.704802876986505789e+00 -1.088251179328004348e+01 3.205016289734765156e+00
-4.283765796455234920e+00 -7.754037958923839291e+00 -5.376171912400380393e-01 -7.754037958923839291e+00 -1.848076010578915884e+01 9.564553432588434045e-01 -5.376171912400380393e-01 9.564553432588434045e-01 -1.618645508783097497e+01
2.061189705980096676e+01 2.857659006507802690e+00 -5.684143556703603828e+00 2.857659006507802690e+00 8.443761065041840652e+00 -8.265553830869890817e+00 -5.684143556703603828e+00 -8.265553830869890817e+00 1.214127392967814778e+01
5.057915880494882721e+00 -3.349904850015719582e+00 -5.509604809644767620e+00 -3.349904850015719582e+00 1.922542868870099397e+01 -5.944281846984517337e+00 -5.509604809644767620e+00 -5.944281846984517337e+00 6.574287188383622471e+00
-9.731285901295779084e+00 7.056064064015378001e+00 9.966753484177016675e-01 7.056064064015378001e+00 1.579422379338571147e+01 4.932855797965515210e-01 9.966753484177016675e-01 4.932855797965515210e-01 -2.833047945939301115e+01
1.041776169629470949e+00 -4.567896253458425981e+00 4.560946738041214310e+00 -4.567896253458425981e+00 -9.494629697592348094e+00 2.023031351291880942e+00 4.560946738041214310e+00 2.023031351291880942e+00 1.469393048584327488e+01
-9.071054394937510423e+00 -1.507978694905719896e+00 -9.852150586568220181e-01 -1.507978694905719896e+00 -8.398921731332642082e+00 1.020663294433953894e+01 -9.852150586568220181e-01 1.020663294433953894e+01 2.392705442472412614e+01
-8.290889985931032768e+00 8.304037685817627690e+00 8.732164008111810816e+00 8.304037685817627690e+00 -1.710890819984514621e+01 1.033278693685847038e+01 8.732164008111810816e+00 1.033278693685847038e+01 -6.777689274795670293e+00
8.760262475731327214e+00 -6.316209829137601872e+00 2.094081198392277354e+00 -6.316209829137601872e+00 3.826622175436151352e+00 3.859797103924653694e+00 2.094081198392277354e+00 3.859797103924653694e+00 1.400423255469399919e+01
7.579983328023868872e+00 -1.456939928916825622e+01 1.630542533819286488e+00 -1.456939928916825622e+01 -4.040255255214818542e-01 -3.607282517231757080e+00 1.630542533819286488e+00 -3.607282517231757080e+00 2.439498712156852278e+01
-5.275189401875421957e+00 -5.474033180591835190e-01 -8.418806441172764110e+00 -5.474033180591835190e-01 -1.974679993462934746e+01 -1.953708292847018413e+00 -8.418806441172764110e+00 -1.953708292847018413e+00 6.396856351157302889e+00
-2.285902278605091809e+01 6.175401436858450666e+00 1.115723211755592637e+01 6.175401436858450666e+00 -1.647626701972520635e+01 -5.913245917111863648e+00 1.115723211755592637e+01 -5.913245917111863648e+00 -2.596024161667746810e+01
-1.098790766898074978e+01 1.422447349276249717e+01 1.082462698727220918e+01 1.422447349276249717e+01 -1.184744111136011568e+01 -1.020280640943013406e+00 1.082462698727220918e+01 -1.020280640943013406e+00 -2.000288547251851057e+01
-1.598489612459588116e+01 -1.882358263709216439e+00 1.079872975074743380e+01 -1.882358263709216439e+00 -1.523217403251669744e+01 -5.856305598740746632e+00 1.079872975074743380e+01 -5.856305598740746632e+00 1.786477890496898369e-01
4.976356246191608435e+00 1.564484860618199136e+01 -1.184401447969029775e+01 1.564484860618199136e+01 6.853261643137137149e+00 1.432278455147011087e+01 -1.184401447969029775e+01 1.432278455147011087e+01 2.532548627540848329e+01
-1.619503732038254595e+00 -1.733998964185032321e+01 -1.144437766825670444e+00 -1.733998964185032321e+01 -4.642184608041271865e+00 3.443952087266571177e-02 -1.144437766825670444e+00 3.443952087266571177e-02 -1.135946562226553702e+01
-1.674080086617408725e+01 9.602844474589495860e+00 -4.508429922203862183e+00 9.602844474589495860e+00 9.760188443070751063e+00 -6.156629889273462553e+00 -4.508429922203862183e+00 -6.156629889273462553e+00 7.730985537926554629e-01
5.609844489529141498e+00 2.038255625246687242e+00 -2.648795482357372055e+00 2.038255625246687242e+00 5.897142892354629851e+00 1.965212062658793712e+01 -2.648795482357372055e+00 1.965212062658793712e+01 -7.068977305356061613e+00
2.398234644724088227e+01 5.004963026697303974e+00 -3.795202647219062086e+00 5.004963026697303974e+00 -6.046138600112196393e+00 4.722958380658735855e+00 -3.795202647219062086e+00 4.722958380658735855e+00 1.187167871144196063e+01
1.851272911882323413e+01 -7.221183431269697195e+00 6.371058449119325395e+00 -7.221183431269697195e+00 4.130671083278275368e+00 5.565343520235417785e+00 6.371058449119325395e+00 5.565343520235417785e+00 1.633195784839983133e+01
1.333783918712900096e+01 -7.532871354022121935e+00 4.522411098066570490e-01 -7.532871354022121935e+00 -9.755261781978964208e+00 -9.454109840159342637e-01 4.522411098066570490e-01 -9.454109840159342637e-01 7.523081633849835193e+00
