6.945150573339257107e+02 1.433817123096986279e+01 2.132537889542065201e+01 1.433817123096986279e+01 7.083444559843521802e+02 7.644994396711304319e+00 2.132537889542065201e+01 7.644994396711304319e+00 7.095978568528322512e+02
5.759999637720308101e+02 -1.046649505964844096e+01 -2.532874004520080824e+00 -1.046649505964844096e+01 6.429383338111834973e+02 2.433049104064091495e+01 -2.532874004520080824e+00 2.433049104064091495e+01 5.466310936318641325e+02
6.417221781638356788e+02 -4.037846834780422967e+01 1.622139799500459389e+01 -4.037846834780422967e+01 7.287252844260838174e+02 1.055643003025511062e+00 1.622139799500459389e+01 1.055643003025511062e+00 6.449822400458756420e+02
6.787070937163995268e+02 1.605419651813629400e+01 -9.692477151115411749e-01 1.605419651813629400e+01 6.723349906546485499e+02 -1.907339429687084831e+01 -9.692477151115411749e-01 -1.907339429687084831e+01 6.801807485753035962e+02
8.637010490986790501e+02 -2.837241195843859032e+01 -1.809677606930598159e+01 -2.837241195843859032e+01 8.461902919738944320e+02 -1.237851951238284620e+01 -1.809677606930598159e+01 -1.237851951238284620e+01 8.787156268951945322e+02
7.880963765422308143e+02 -4.363039997058331565e+00 1.487541521040311565e+01 -4.363039997058331565e+00 9.193675341122366262e+02 1.681098228512233561e+00 1.487541521040311565e+01 1.681098228512233561e+00 8.955953112497784332e+02
5.389983007354890105e+02 -1.323414827987993725e+01 -2.195691755727289163e+01 -1.323414827987993725e+01 5.604804504508052787e+02 -8.156351636878676814e+00 -2.195691755727289163e+01 -8.156351636878676814e+00 5.261697742552619275e+02
7.565705035708823516e+02 4.103703289297725432e-01 2.459309730846423125e+00 4.103703289297725432e-01 7.705300200569129174e+02 -7.623623591700995350e-01 2.459309730846423125e+00 -7.623623591700995350e-01 7.325096617210712111e+02
8.390230146924753853e+02 -3.546789149804721042e+00 6.759014926471354556e+01 -3.546789149804721042e+00 9.111296076644149480e+02 -2.976273958238817841e+01 6.759014926471354556e+01 -2.976273958238817841e+01 9.050650356022295000e+02
5.136174148719030654e+02 -2.989828671747925881e+01 -3.763717512053156966e+00 -2.989828671747925881e+01 5.983479648763847081e+02 -9.038084436127551413e+00 -3.763717512053156966e+00 -9.038084436127551413e+00 5.248513301686000432e+02
8.838307804221392416e+02 4.602311328709076221e+00 -1.196927724786328717e+01 4.602311328709076221e+00 8.803716597761949743e+02 1.484941851732529017e+01 -1.196927724786328717e+01 1.484941851732529017e+01 9.095435864505730024e+02
8.536762507760647622e+02 -2.477632947864460178e+01 -1.161944857115496355e+01 -2.477632947864460178e+01 9.386156115775536364e+02 2.852663328799307507e+01 -1.161944857115496355e+01 2.852663328799307507e+01 8.732478456492473242e+02
9.083381131801991160e+02 5.553548910269156202e+00 1.387329923803334530e+01 5.553548910269156202e+00 9.315374831471920061e+02 9.735191269456233698e+00 1.387329923803334530e+01 9.735191269456233698e+00 9.058960560804999886e+02
7.469462940363841881e+02 1.787899491856510892e+01 5.775062916331738627e+00 1.787899491856510892e+01 7.540968670383650760e+02 1.100721504730866052e+01 5.775062916331738627e+00 1.100721504730866052e+01 7.649415020108051522e+02
8.092026797139583323e+02 -1.660807171839759278e+01 -1.029551360316859565e+00 -1.660807171839759278e+01 9.225171967372518793e+02 2.324345856234018370e+01 -1.029551360316859565e+00 2.324345856234018370e+01 9.025386370592721050e+02
8.798438820645181977e+02 9.935561099225349579e-01 1.458001640516811115e+01 9.935561099225349579e-01 8.665434101041790882e+02 1.417575063009967273e+00 1.458001640516811115e+01 1.417575063009967273e+00 8.540197450590706012e+02
8.876740166762430135e+02 -3.251252366993230680e+01 -1.455711018775928700e+01 -3.251252366993230680e+01 8.881477788361128205e+02 -2.331995403392550514e+01 -1.455711018775928700e+01 -2.331995403392550514e+01 9.003320030784831260e+02
6.567439638696998827e+02 1.122254345529532671e+01 -1.087429596894588713e+01 1.122254345529532671e+01 6.348631946860996322e+02 1.534072512331210225e+00 -1.087429596894588713e+01 1.534072512331210225e+00 6.406109931077595547e+02
8.627452501007446699e+02 2.856261235087029249e+01 -7.653079870632588211e+00 2.856261235087029249e+01 8.746170330005188589e+02 1.094015598790777766e+01 -7.653079870632588211e+00 1.094015598790777766e+01 8.620660972591188056e+02
8.658050818673286813e+02 6.647189681683117746e-01 -1.044509011847678792e+01 6.647189681683117746e-01 8.738056042026177010e+02 -2.113425817828947473e+01 -1.044509011847678792e+01 -2.113425817828947473e+01 9.061979916269286832e+02
7.786508162278988721e+02 2.136398028151277728e+01 -5.866922286364934180e+00 2.136398028151277728e+01 8.137219102685330654e+02 -1.672195294760657314e+00 -5.866922286364934180e+00 -1.672195294760657314e+00 7.998520838380254645e+02
8.819271929785300017e+02 2.284486367360562298e+01 -1.602004343862942193e+01 2.284486367360562298e+01 8.857344327913764346e+02 1.217220514894276917e+01 -1.602004343862942193e+01 1.217220514894276917e+01 9.138093930827997156e+02
8.916376311389857392e+02 -1.253265067430497837e+01 -1.639413218476858702e+01 -1.253265067430497837e+01 8.995659358172542852e+02 -1.522330584251338159e+01 -1.639413218476858702e+01 -1.522330584251338159e+01 9.240304310542106805e+02
8.055338585221593348e+02 8.238920135018290125e+00 1.241026098015234780e+00 8.238920135018290125e+00 9.241498304421413650e+02 3.505370443457659491e+01 1.241026098015234780e+00 3.505370443457659491e+01 8.931803928432827888e+02
8.476546457129398959e+02 1.047014158461629663e+01 6.990458087254373254e+01 1.047014158461629663e+01 9.115910865190879804e+02 -2.694152761064185242e+01 6.990458087254373254e+01 -2.694152761064185242e+01 8.798435763646115220e+02
8.011246179446798124e+02 -1.537785365698723083e+01 8.836756552578732382e+00 -1.537785365698723083e+01 9.190978458543610259e+02 3.711152187850772322e+01 8.836756552578732382e+00 3.711152187850772322e+01 9.110830865833521557e+02
8.878394038827235590e+02 -9.016214335470911223e+00 -2.393221747455760884e+00 -9.016214335470911223e+00 8.820827230209525851e+02 -1.177586714114333466e+00 -2.393221747455760884e+00 -1.177586714114333466e+00 9.048518392621747353e+02
8.530967129941147959e+02 2.394872605596750503e+01 4.919712018303806644e+01 2.394872605596750503e+01 9.371188148425904956e+02 -1.534184225064071150e+01 4.919712018303806644e+01 -1.534184225064071150e+01 8.712969696531816908e+02
8.902877628281569287e+02 1.019803830316795867e+01 -1.080035053162510295e+01 1.019803830316795867e+01 8.803384566771361506e+02 6.750319167423618261e+00 -1.080035053162510295e+01 6.750319167423618261e+00 8.820523114857014662e+02
6.778987346756553052e+02 -1.255010157028665851e+01 -4.527220288390704894e+00 -1.255010157028665851e+01 7.532870023221597648e+02 3.822676061858382468e+01 -4.527220288390704894e+00 3.822676061858382468e+01 7.017949932568707254e+02
8.602138056553491197e+02 2.919043519219065530e+01 -1.102743186280683219e+01 2.919043519219065530e+01 8.651579573043322853e+02 -9.800943333658745926e-01 -1.102743186280683219e+01 -9.800943333658745926e-01 9.232832639294003911e+02
7.887554189336868831e+02 -2.493065394614610852e+00 -2.832736661410163226e+00 -2.493065394614610852e+00 8.996388866444131054e+02 3.837550322728249341e+01 -2.832736661410163226e+00 3.837550322728249341e+01 9.071827574895901307e+02
6.730137201094477177e+02 5.393262584380635438e+00 1.520836537624439977e+01 5.393262584380635438e+00 6.639324744074205000e+02 3.155437888214571274e+00 1.520836537624439977e+01 3.155437888214571274e+00 6.606230809136432072e+02
6.513533693476637154e+02 -7.965953830536498970e+00 -7.546591049428762688e+00 -7.965953830536498970e+00 7.245964298588819474e+02 3.628567851193390226e+01 -7.546591049428762688e+00 3.628567851193390226e+01 6.622254109415673611e+02
5.964757085716908023e+02 -1.114077377817207548e+01 -1.304054881603896732e+01 -1.114077377817207548e+01 6.960006236144934064e+02 4.541350513939008238e+01 -1.304054881603896732e+01 4.541350513939008238e+01 6.331625271758379085e+02
6.893819748514603134e+02 -2.739792526756152213e+01 2.255232091408813844e+01 -2.739792526756152213e+01 7.677879159070421338e+02 -2.431909970599833049e+00 2.255232091408813844e+01 -2.431909970599833049e+00 6.862742724292737648e+02
8.306866471656511521e+02 -6.090928706838199425e+00 1.932814362202962855e+01 -6.090928706838199425e+00 8.845287480200232721e+02 3.376472297660033917e+01 1.932814362202962855e+01 3.376472297660033917e+01 8.075584243416532217e+02
8.201510439187804877e+02 -3.405860418614948149e+00 1.361448807013121431e+01 -3.405860418614948149e+00 8.182342046902109587e+02 6.605315527680461152e+00 1.361448807013121431e+01 6.605315527680461152e+00 8.023212585767635119e+02
7.629132882489748226e+02 -2.546774183959430005e+00 4.991588840665882598e-01 -2.546774183959430005e+00 8.971789174440808665e+02 9.932255198134894769e+00 4.991588840665882598e-01 9.932255198134894769e+00 8.932797394468894936e+02
5.509762331136711282e+02 -2.586361262249123438e+00 7.958175560424748385e-01 -2.586361262249123438e+00 5.796228749122009276e+02 6.954705289379218058e+00 7.958175560424748385e-01 6.954705289379218058e+00 5.699517338863673785e+02
6.209843968244437065e+02 1.694063374982170744e+00 7.076545247538621020e+00 1.694063374982170744e+00 6.370171128622937431e+02 4.895559599023656894e+00 7.076545247538621020e+00 4.895559599023656894e+00 6.205330579775840079e+02
7.202994240793727840e+02 -1.949597819725030234e+01 1.411106112467817830e+01 -1.949597819725030234e+01 7.922342491127378707e+02 1.409927605250888760e+01 1.411106112467817830e+01 1.409927605250888760e+01 7.185927865330838813e+02
8.769193146404252275e+02 -6.796200086563284337e+00 -6.280854415445203287e+00 -6.796200086563284337e+00 8.642898813350656155e+02 -2.022503229870537922e+01 -6.280854415445203287e+00 -2.022503229870537922e+01 8.956482634638979334e+02
8.796364521004795733e+02 1.444685020066343206e+01 3.777572204507410714e+00 1.444685020066343206e+01 8.971348466326204516e+02 1.022590201753203765e+01 3.777572204507410714e+00 1.022590201753203765e+01 8.847437556239934793e+02
7.588897355218787197e+02 -3.781865114027918651e+01 -1.229032228038776431e+01 -3.781865114027918651e+01 8.142040195843372885e+02 3.401687300138930681e+01 -1.229032228038776431e+01 3.401687300138930681e+01 7.738457772397566714e+02
8.804315481434898629e+02 -1.307797170930104613e+01 1.984182362157784141e+01 -1.307797170930104613e+01 9.188853246645711579e+02 1.344615413451282393e+01 1.984182362157784141e+01 1.344615413451282393e+01 8.704043120099956923e+02
5.724046743664446240e+02 2.001856538508475936e+01 -9.822408919757100065e+00 2.001856538508475936e+01 5.563565218200770914e+02 -4.289960970495593884e+00 -9.822408919757100065e+00 -4.289960970495593884e+00 5.669784830779976801e+02
8.331527080845423825e+02 5.590554886263341849e+00 6.404000213749881709e+01 5.590554886263341849e+00 9.041015368706139270e+02 -2.675213521863267374e+01 6.404000213749881709e+01 -2.675213521863267374e+01 8.536169204968690565e+02
8.392966882898306267e+02 1.015136441136532897e+00 6.750255795048086327e+01 1.015136441136532897e+00 9.199593426178199707e+02 -1.597092583860943193e+01 6.750255795048086327e+01 -1.597092583860943193e+01 8.822492683298488600e+02
7.983099862456384699e+02 -2.178300842587195163e+01 -1.644081703934036298e+01 -2.178300842587195163e+01 8.808848048510267290e+02 3.072975873437338024e+01 -1.644081703934036298e+01 3.072975873437338024e+01 8.165237681764432409e+02
6.168564031751660650e+02 1.003690045927351271e+01 -9.677940667572061173e+00 1.003690045927351271e+01 6.105935920541015776e+02 -5.020185191870368158e+00 -9.677940667572061173e+00 -5.020185191870368158e+00 6.318272994372581479e+02
8.980230078521786936e+02 1.886630195486170081e+01 -6.526421321418608201e+00 1.886630195486170081e+01 8.982009320346821823e+02 9.808453958474300904e+00 -6.526421321418608201e+00 9.808453958474300904e+00 9.398430674988088640e+02
8.495397564681460381e+02 1.348378336373449216e+01 6.835935600131172407e+01 1.348378336373449216e+01 8.983356818349959667e+02 -2.563612189878869074e+01 6.835935600131172407e+01 -2.563612189878869074e+01 8.558509603440535329e+02
8.515585053968542297e+02 9.474873286053279386e+00 9.387635349713109534e+00 9.474873286053279386e+00 9.135928227166940587e+02 1.182371721821284893e+01 9.387635349713109534e+00 1.182371721821284893e+01 8.810941005322264346e+02
8.067993240933324159e+02 -2.554328234466496284e+01 2.734157198624254903e+01 -2.554328234466496284e+01 8.665221195939099061e+02 -1.002972990587767832e+01 2.734157198624254903e+01 -1.002972990587767832e+01 8.006986697621531448e+02
8.474540489735472875e+02 2.104869973845425335e+01 6.495462760460408447e+01 2.104869973845425335e+01 9.137545996110964097e+02 -2.989694976442271113e+01 6.495462760460408447e+01 -2.989694976442271113e+01 8.796778091392505985e+02
7.965513328012955299e+02 -9.057088723314018486e-01 -2.963712244428230225e+00 -9.057088723314018486e-01 9.061042960585394894e+02 2.212565283960150708e+01 -2.963712244428230225e+00 2.212565283960150708e+01 8.938765171506903471e+02
9.067868164062219876e+02 -2.176905674136521363e+00 -8.239130505386985659e-01 -2.176905674136521363e+00 9.049333084916764847e+02 -1.464001624697629467e+01 -8.239130505386985659e-01 -1.464001624697629467e+01 8.992778968521455454e+02
8.907894557855468065e+02 -1.414904315270246826e+01 -4.655845820952501768e+00 -1.414904315270246826e+01 8.686807304265915946e+02 -1.155443050570410257e+01 -4.655845820952501768e+00 -1.155443050570410257e+01 8.981009540513812226e+02
7.835582920502437219e+02 2.369542647452907502e+01 1.427905694821880722e+01 2.369542647452907502e+01 7.952663335741468700e+02 2.054365127261446133e+01 1.427905694821880722e+01 2.054365127261446133e+01 7.756865759304434960e+02
7.411532310803862629e+02 -1.701254369968446412e+01 2.353138934696788809e+01 -1.701254369968446412e+01 8.250247613865782341e+02 9.996441353058267865e+00 2.353138934696788809e+01 9.996441353058267865e+00 7.512248297807194604e+02
8.294260151755756851e+02 5.652279301325682681e+00 5.283393264416179846e+01 5.652279301325682681e+00 9.197098457623579861e+02 -3.940723163754307734e+01 5.283393264416179846e+01 -3.940723163754307734e+01 8.787124514679518370e+02
8.826988998396236639e+02 -1.516235178178260412e+01 -1.057161548271601959e+01 -1.516235178178260412e+01 8.584174652267575993e+02 -1.802222787277851523e+01 -1.057161548271601959e+01 -1.802222787277851523e+01 8.941992517632565978e+02
9.010603356971545281e+02 2.019792454372539936e+01 -1.944288889104375784e+01 2.019792454372539936e+01 8.952755429661868902e+02 1.292517683664739891e+01 -1.944288889104375784e+01 1.292517683664739891e+01 9.284824898434146689e+02
5.440720505092433541e+02 -3.181784456403652328e+01 -9.580902273961706683e+00 -3.181784456403652328e+01 6.451003412716510184e+02 -1.702419390736822891e+01 -9.580902273961706683e+00 -1.702419390736822891e+01 5.712617257840363436e+02
8.998914208606454395e+02 -2.187105179275327771e+01 -4.239171079378769136e+00 -2.187105179275327771e+01 8.599320080462636042e+02 -2.642623130770272510e+01 -4.239171079378769136e+00 -2.642623130770272510e+01 8.967193729213875031e+02
8.564914388763949091e+02 -5.604532711774126152e-01 7.111662863838962778e+01 -5.604532711774126152e-01 9.185782003556283826e+02 -3.223036974885397399e+01 7.111662863838962778e+01 -3.223036974885397399e+01 8.680389198370388613e+02
8.514373690376272634e+02 1.350144896361647540e+01 5.572303044115409776e+00 1.350144896361647540e+01 8.375277860087772979e+02 1.754297012016722235e+01 5.572303044115409776e+00 1.754297012016722235e+01 8.384545447766329289e+02
8.357737954930729529e+02 2.867595885629306451e+01 -3.017950843626052926e+00 2.867595885629306451e+01 8.456710399584882225e+02 -6.496728626157909581e+00 -3.017950843626052926e+00 -6.496728626157909581e+00 8.274086991068290899e+02
8.428887362390699991e+02 1.913734695364719229e+01 7.760536657054879583e+01 1.913734695364719229e+01 9.200754125211665269e+02 -3.862996992204445945e+01 7.760536657054879583e+01 -3.862996992204445945e+01 8.984883616819204235e+02
7.311258996525283465e+02 1.071499828376897590e+01 -5.983992887369331548e-01 1.071499828376897590e+01 7.188382996507004918e+02 -4.918155785781425315e+00 -5.983992887369331548e-01 -4.918155785781425315e+00 7.386029100681345199e+02
8.767234786594455045e+02 -2.250128521583140140e-01 8.197772340836243288e+00 -2.250128521583140140e-01 9.068215259663113557e+02 -1.261254838736521933e+01 8.197772340836243288e+00 -1.261254838736521933e+01 9.046235732704736847e+02
