2.787537219515324978e+02 5.470024624732611862e+00 -7.702910730975212061e+00 5.470024624732611862e+00 3.071396259302508156e+02 1.887271163401898733e+01 -7.702910730975212061e+00 1.887271163401898733e+01 2.889469867308983453e+02
2.082129560067190539e+02 -1.541074310063843456e+01 -2.148508187487189414e+00 -1.541074310063843456e+01 2.282905751050712126e+02 1.865790512244845800e+01 -2.148508187487189414e+00 1.865790512244845800e+01 2.187320408781341996e+02
4.615190969084893027e+02 -5.728381822179571259e+00 -3.950018266843068915e+01 -5.728381822179571259e+00 5.248920129001766099e+02 6.198033191523816932e+00 -3.950018266843068915e+01 6.198033191523816932e+00 5.214871035645072652e+02
2.882692704149389442e+02 -2.140768811612846534e+01 -3.042679409749391883e+00 -2.140768811612846534e+01 2.652350605693150669e+02 3.736715498172423100e+00 -3.042679409749391883e+00 3.736715498172423100e+00 2.707800057284745776e+02
1.988177939637980671e+02 -1.049832241595829707e+01 -8.861440565623441401e+00 -1.049832241595829707e+01 2.571609752743638069e+02 7.685195197546986989e+00 -8.861440565623441401e+00 7.685195197546986989e+00 2.134053177677226074e+02
1.720978491183280710e+02 9.249316853972089802e+00 -1.029733895514330655e+01 9.249316853972089802e+00 1.476153956519695498e+02 1.758252561438808215e+01 -1.029733895514330655e+01 1.758252561438808215e+01 1.648126391743383010e+02
3.572374281338986748e+02 -3.695489762124025912e+00 -2.967252363947161697e+01 -3.695489762124025912e+00 3.698372192942292145e+02 -1.027136961641389590e+01 -2.967252363947161697e+01 -1.027136961641389590e+01 3.394505552784920610e+02
4.017292040818550163e+02 -3.094984675088081616e+01 -1.754911287956569366e+00 -3.094984675088081616e+01 3.749292456574842731e+02 5.007668494932246972e+00 -1.754911287956569366e+00 5.007668494932246972e+00 3.433300910089997728e+02
2.303898082425286020e+02 -1.557293508972870200e+01 -1.102478861645200681e+01 -1.557293508972870200e+01 2.924030496514583888e+02 -7.432548782724756720e+00 -1.102478861645200681e+01 -7.432548782724756720e+00 2.521076570550418978e+02
3.211291859990406579e+02 1.193920021024887568e+01 -1.322695476073034193e+01 1.193920021024887568e+01 3.683618301998807851e+02 1.899275476374744542e+01 -1.322695476073034193e+01 1.899275476374744542e+01 3.552431446533866506e+02
3.058744006070768933e+02 -3.752802028795641398e+00 -5.031649578717717120e+00 -3.752802028795641398e+00 3.509749443644265625e+02 1.228482111008149680e+01 -5.031649578717717120e+00 1.228482111008149680e+01 3.296700738992958577e+02
4.859178586533838597e+02 -1.142621914450317178e+01 -1.037379482147704124e+01 -1.142621914450317178e+01 5.036049806332577532e+02 -1.470331081917295002e+00 -1.037379482147704124e+01 -1.470331081917295002e+00 4.878010050721119342e+02
4.456711667806605988e+02 -1.067520058821583540e+01 -4.073688129358435361e+01 -1.067520058821583540e+01 4.759185683767788646e+02 -1.384746507933391690e+01 -4.073688129358435361e+01 -1.384746507933391690e+01 4.896789459370902478e+02
5.040297563408774977e+02 -1.892848683820526645e+01 6.125526704960253532e+00 -1.892848683820526645e+01 4.505469075408969388e+02 3.053974262810055240e+00 6.125526704960253532e+00 3.053974262810055240e+00 4.701342093402015507e+02
1.814512714870819252e+02 8.132580762092167959e+00 5.137121828960232506e+00 8.132580762092167959e+00 1.909040175656976146e+02 4.201930681841601789e+00 5.137121828960232506e+00 4.201930681841601789e+00 1.418103517805384968e+02
2.490382498878788340e+02 -3.568863971788069733e+01 4.976046895142262727e+00 -3.568863971788069733e+01 2.684821153441495198e+02 4.319254518609694921e-02 4.976046895142262727e+00 4.319254518609694921e-02 2.305409002633587363e+02
3.649095158663081406e+02 -7.244791567195909110e+00 -1.404775022723686462e+01 -7.244791567195909110e+00 3.771967940604295109e+02 -2.220301037456479332e+00 -1.404775022723686462e+01 -2.220301037456479332e+00 3.687017650366204293e+02
1.335022436660183587e+02 -2.580142746286144373e+01 7.926937253621929580e-01 -2.580142746286144373e+01 1.436352113447209433e+02 -7.049980959471074726e+00 7.926937253621929580e-01 -7.049980959471074726e+00 1.232871863912457826e+02
3.353868890944123677e+02 -2.819847017143759960e+00 6.423488880576587734e-01 -2.819847017143759960e+00 3.704955236900913178e+02 -1.276994217765636153e+00 6.423488880576587734e-01 -1.276994217765636153e+00 3.486140671816573899e+02
3.549262299419327178e+02 -1.559416654542566683e+01 -3.968954283963537932e+01 -1.559416654542566683e+01 3.715402524280318062e+02 -6.120201952521854061e+00 -3.968954283963537932e+01 -6.120201952521854061e+00 3.582603937250764261e+02
2.569610152707242605e+02 -1.998624226281298100e+00 -9.610646277165884044e+00 -1.998624226281298100e+00 3.345552337325009944e+02 -1.900205581221025852e+01 -9.610646277165884044e+00 -1.900205581221025852e+01 2.977170107212698440e+02
1.708773356627303883e+02 -1.518072744371725902e+00 1.194147511095156267e+00 -1.518072744371725902e+00 1.825423631658169086e+02 1.947882453163407845e+01 1.194147511095156267e+00 1.947882453163407845e+01 2.090675028441983443e+02
2.347912491795277958e+02 -1.197093808840935125e+01 1.684631259145863980e-01 -1.197093808840935125e+01 2.905820174648877696e+02 1.139158377083906615e+01 1.684631259145863980e-01 1.139158377083906615e+01 2.545672231700181669e+02
2.813993990067291406e+02 -1.521207382474074521e+01 1.607266068835441652e+00 -1.521207382474074521e+01 2.697483312329191563e+02 2.581671744781320399e+01 1.607266068835441652e+00 2.581671744781320399e+01 2.552788851473455907e+02
2.485091478154559752e+02 -2.693548020613603988e+00 -9.300026101606867712e+00 -2.693548020613603988e+00 3.130585266415855017e+02 -1.031774598807549914e+01 -9.300026101606867712e+00 -1.031774598807549914e+01 2.699486000674830279e+02
2.764833890370890686e+02 4.790988617584190479e+00 -1.140651624233131933e+01 4.790988617584190479e+00 3.326549163427977192e+02 9.081271661867768685e+00 -1.140651624233131933e+01 9.081271661867768685e+00 3.014446857517974649e+02
3.335584748179188068e+02 -3.025007468569901192e+01 -1.835487616617813345e+01 -3.025007468569901192e+01 3.807288933503398312e+02 5.942516869583158723e+00 -1.835487616617813345e+01 5.942516869583158723e+00 3.246354656431955732e+02
1.718861390322282716e+02 -1.249048824307319627e+01 4.642541783660742105e+00 -1.249048824307319627e+01 1.970846663631537581e+02 -1.020232204959924438e+01 4.642541783660742105e+00 -1.020232204959924438e+01 1.885677690451359751e+02
2.382039574047727797e+02 -1.384912097831563216e+00 -5.917009245950238139e+00 -1.384912097831563216e+00 2.508474903765975910e+02 2.125222259440678485e+01 -5.917009245950238139e+00 2.125222259440678485e+01 2.350029865200391441e+02
4.079116180520499597e+02 -2.428234673161214374e+01 -2.714082296021651519e+00 -2.428234673161214374e+01 3.896060747519408665e+02 3.934983456592417550e+00 -2.714082296021651519e+00 3.934983456592417550e+00 3.865327472683885617e+02
4.200987286732685675e+02 -1.197785475387410870e+01 -4.361442547874332831e+00 -1.197785475387410870e+01 4.597574854812713170e+02 6.311528124345013868e-01 -4.361442547874332831e+00 6.311528124345013868e-01 4.317507502084339421e+02
2.515227531352182098e+02 -1.168557265986747556e-01 -1.366982628569562763e+01 -1.168557265986747556e-01 2.931378521569322402e+02 7.631405195296265376e+00 -1.366982628569562763e+01 7.631405195296265376e+00 2.503041535215735109e+02
2.202518049566778870e+02 1.964746260996521388e+00 -1.095403165909917709e+00 1.964746260996521388e+00 2.753103698885136623e+02 -4.608620940482897055e+00 -1.095403165909917709e+00 -4.608620940482897055e+00 2.137205898567080453e+02
4.502190162799266204e+02 -1.265994124092571482e+01 -1.801521147225796682e+01 -1.265994124092571482e+01 4.692315469574462554e+02 8.302754194862522752e+00 -1.801521147225796682e+01 8.302754194862522752e+00 4.361522495379557540e+02
5.108671505459828381e+02 -2.847857364999972773e+00 -1.997532536033472184e+01 -2.847857364999972773e+00 5.334616293954935600e+02 -3.449138878410634135e+01 -1.997532536033472184e+01 -3.449138878410634135e+01 4.877779783683219534e+02
1.795157803530911451e+02 -3.295953041340454970e+00 5.986159736816494714e+00 -3.295953041340454970e+00 2.499961139210276428e+02 2.599020595538913625e+01 5.986159736816494714e+00 2.599020595538913625e+01 2.302646419348923246e+02
3.976616128693383985e+02 -2.189560677826196766e+01 -2.567245539848842739e+01 -2.189560677826196766e+01 3.907762298682032451e+02 7.782948949968514496e-01 -2.567245539848842739e+01 7.782948949968514496e-01 3.809878584963087746e+02
4.375541024237751913e+02 -2.913506147833862525e-01 -1.228369902759367527e+01 -2.913506147833862525e-01 4.578553399167251996e+02 1.286188752676960689e+01 -1.228369902759367527e+01 1.286188752676960689e+01 4.661620157546060454e+02
5.062453255273906620e+02 -1.891698604166513675e+01 -3.178401236046986611e+01 -1.891698604166513675e+01 5.346587962681771842e+02 -2.036581846619104752e+01 -3.178401236046986611e+01 -2.036581846619104752e+01 5.095483109155036345e+02
5.046318427885682922e+02 -2.209491740458936349e+01 -3.079259912080864225e+01 -2.209491740458936349e+01 5.190729699682547107e+02 3.087146144472842746e+00 -3.079259912080864225e+01 3.087146144472842746e+00 5.298993302160787380e+02
1.951294698547632152e+02 -7.411096339412921452e+00 -4.926419582120691310e+00 -7.411096339412921452e+00 2.084478268051656471e+02 1.273336566546868376e+01 -4.926419582120691310e+00 1.273336566546868376e+01 2.091716306226671520e+02
4.146190726245811220e+02 -1.969868951065679141e+01 -2.021325703104192328e+01 -1.969868951065679141e+01 4.442384289117956655e+02 -1.945043712196845132e+00 -2.021325703104192328e+01 -1.945043712196845132e+00 4.470026912726074215e+02
4.465535017362852841e+02 -2.689651270739217992e+01 -2.937134715341361613e+01 -2.689651270739217992e+01 4.138700534703463063e+02 7.203139243628039513e-03 -2.937134715341361613e+01 7.203139243628039513e-03 4.157676812068390859e+02
2.548540939550755411e+02 -4.728125492997299517e+01 -2.630825210054525076e+00 -4.728125492997299517e+01 2.659478310562168986e+02 2.266522576011274026e+01 -2.630825210054525076e+00 2.266522576011274026e+01 2.706593126875549160e+02
1.639019341188080148e+02 -1.404068636199490427e+01 3.630427497443002416e+00 -1.404068636199490427e+01 1.891468708608425402e+02 2.032409651828481856e+01 3.630427497443002416e+00 2.032409651828481856e+01 2.095620232653779453e+02
2.310952880608869009e+02 3.428009218604314867e+01 9.934621996856588311e+00 3.428009218604314867e+01 2.677837632443233815e+02 -9.485480767708127203e+00 9.934621996856588311e+00 -9.485480767708127203e+00 2.240620630138623710e+02
2.756804424275376277e+02 -5.448507644443098208e+00 3.963511714181947587e-01 -5.448507644443098208e+00 2.846254569148347287e+02 2.554564666759704039e+01 3.963511714181947587e-01 2.554564666759704039e+01 2.641638644051016627e+02
2.393782932833971415e+02 -9.818046845130268707e+00 5.748639368597969757e+00 -9.818046845130268707e+00 2.889628845014933063e+02 2.470444991398231238e+01 5.748639368597969757e+00 2.470444991398231238e+01 2.779257219905742886e+02
4.636662018228934130e+02 -1.507477521477437321e+01 -1.554914450809629223e+01 -1.507477521477437321e+01 4.491650336562940424e+02 -1.498420113743009630e+01 -1.554914450809629223e+01 -1.498420113743009630e+01 4.585936915285642499e+02
4.130267933851118300e+02 -2.623784715268639545e+01 4.898028646278593357e+00 -2.623784715268639545e+01 3.911189400783492260e+02 3.778636869686197386e+00 4.898028646278593357e+00 3.778636869686197386e+00 3.854972002719744637e+02
3.661665804484132991e+02 -3.407179760091310072e+01 -2.891717893302946596e+00 -3.407179760091310072e+01 3.435564528906620012e+02 7.863453589106870645e+00 -2.891717893302946596e+00 7.863453589106870645e+00 3.176914460576433612e+02
4.497215597063856762e+02 -1.321991062604307565e+01 -3.172127699442311766e+00 -1.321991062604307565e+01 3.994978012989907938e+02 -1.273550504940431372e-01 -3.172127699442311766e+00 -1.273550504940431372e-01 4.087965397622738806e+02
3.804910603093558734e+02 1.121048122457912743e+00 -7.179308009635663623e+00 1.121048122457912743e+00 4.292170278170659685e+02 5.675979316244693651e-01 -7.179308009635663623e+00 5.675979316244693651e-01 4.127296604217427785e+02
1.620532470674060619e+02 -1.124184455757459666e+01 4.241576223563827241e+00 -1.124184455757459666e+01 2.081216480407834126e+02 -1.800261843701782283e+01 4.241576223563827241e+00 -1.800261843701782283e+01 1.715858549764517420e+02
1.931320367567387848e+02 -1.784257897130895332e+00 -2.301433625228715307e+00 -1.784257897130895332e+00 2.650037461323083789e+02 -5.726279578451525687e+00 -2.301433625228715307e+00 -5.726279578451525687e+00 2.052908882511102888e+02
1.987798218391009186e+02 7.930366529134850850e+00 1.212675180187913249e+01 7.930366529134850850e+00 2.300711261479028167e+02 -5.271364269419123616e+00 1.212675180187913249e+01 -5.271364269419123616e+00 1.678559723512333051e+02
3.743273768119497618e+02 -2.690710561287346181e+01 -2.397983491674551715e+01 -2.690710561287346181e+01 3.228558571832627422e+02 1.135105845625608190e+01 -2.397983491674551715e+01 1.135105845625608190e+01 3.345788704902545874e+02
3.673326667172919429e+02 6.319996228584246367e+00 -3.458406053734919716e+00 6.319996228584246367e+00 4.278314898870889920e+02 3.742669960921113925e-01 -3.458406053734919716e+00 3.742669960921113925e-01 3.831496743822131634e+02
2.847006342935771386e+02 -5.133914074531183758e+00 -2.033195040236208939e+01 -5.133914074531183758e+00 3.323530890385295606e+02 -6.447095864529339693e+00 -2.033195040236208939e+01 -6.447095864529339693e+00 3.169339109886198003e+02
4.058779905028411576e+02 -8.123115120576894554e+00 -1.698637856868077023e+01 -8.123115120576894554e+00 4.300000411597492871e+02 -7.461142295989193762e+00 -1.698637856868077023e+01 -7.461142295989193762e+00 4.092606409630967050e+02
4.431684421434080718e+02 -2.121825245405336346e+00 -1.066230625136374499e+01 -2.121825245405336346e+00 4.758015157068290932e+02 4.464965478556100820e+00 -1.066230625136374499e+01 4.464965478556100820e+00 4.352962510451507114e+02
2.063835145232370962e+02 -1.191679023686202754e+01 -8.527275514626708741e+00 -1.191679023686202754e+01 2.496324279927997623e+02 1.510180335999116785e+01 -8.527275514626708741e+00 1.510180335999116785e+01 2.506514355750937000e+02
4.045107030389105489e+02 -1.024367584104217777e+01 -1.726912285527657076e+01 -1.024367584104217777e+01 4.334453857518797122e+02 9.174243922600537005e+00 -1.726912285527657076e+01 9.174243922600537005e+00 3.845326244231172836e+02
3.405367516126526652e+02 6.619176221204690513e+00 -1.204524371520366977e+01 6.619176221204690513e+00 3.772342285788096206e+02 1.284281288607909488e+01 -1.204524371520366977e+01 1.284281288607909488e+01 3.479268183876956755e+02
3.102788613887612428e+02 -1.964138510529805615e+01 6.128783407589817323e+00 -1.964138510529805615e+01 2.845102020735834571e+02 -1.141114029297321864e+00 6.128783407589817323e+00 -1.141114029297321864e+00 2.829340082060058990e+02
2.674826525379020836e+02 -4.684855489812251306e-01 4.106555268359786126e+00 -4.684855489812251306e-01 2.991162779751737162e+02 1.391097578835365844e+01 4.106555268359786126e+00 1.391097578835365844e+01 2.718764684477083620e+02
1.906976402313180756e+02 -3.182130652223769118e+00 7.682865412954453355e+00 -3.182130652223769118e+00 1.964005297072520477e+02 5.533514938227542146e+00 7.682865412954453355e+00 5.533514938227542146e+00 1.550676624821670657e+02
2.069377350515403009e+02 -1.577851083690524980e+01 -3.277167031817315390e+00 -1.577851083690524980e+01 1.808642582605299935e+02 5.235480919361300778e+00 -3.277167031817315390e+00 5.235480919361300778e+00 2.022675166537558766e+02
4.701176168100438417e+02 -2.973680791787600342e+01 -3.519245401270634943e+01 -2.973680791787600342e+01 4.969389674882380632e+02 -1.311336785173373798e+01 -3.519245401270634943e+01 -1.311336785173373798e+01 4.478547061499833148e+02
4.751219658209800514e+02 -1.234455473784303159e+01 -1.362912230856014428e+00 -1.234455473784303159e+01 5.007377956837819397e+02 3.429959632215286103e+00 -1.362912230856014428e+00 3.429959632215286103e+00 4.681927995261480078e+02
3.059762541042866815e+02 -8.488263117983652961e+00 -9.714498917269722256e+00 -8.488263117983652961e+00 3.329248973997159737e+02 4.074377809310769649e+00 -9.714498917269722256e+00 4.074377809310769649e+00 3.234733430093168067e+02
4.471541604412918787e+02 -1.015431649018663762e+01 -2.708336009457985227e+01 -1.015431649018663762e+01 4.612393783025686957e+02 1.787220355915289716e+01 -2.708336009457985227e+01 1.787220355915289716e+01 4.636369860270245340e+02
