-5.820111828780549779e+00 -6.842065488282307761e+00 1.329944307346049825e+01 -6.842065488282307761e+00 -8.643443301829318415e+00 1.051083000273365187e+01 1.329944307346049825e+01 1.051083000273365187e+01 -8.818554981741284493e+00
9.531254902065807499e+00 1.135555533076912837e+01 4.232901300381706200e+00 1.135555533076912837e+01 -7.365979035630742189e+00 4.031107865653426714e+00 4.232901300381706200e+00 4.031107865653426714e+00 1.034750632145384053e+01
1.521541060407654022e+00 -3.775206977866408575e+00 3.129916765395393430e+00 -3.775206977866408575e+00 1.658447175855823019e+01 -1.741587108807018502e+00 3.129916765395393430e+00 -1.741587108807018502e+00 4.558776496597458205e+00
1.887224975175596242e+01 3.526814565818252589e+00 1.682785183227247217e+01 3.526814565818252589e+00 2.491940604304189932e+01 -1.115238608217875438e+01 1.682785183227247217e+01 -1.115238608217875438e+01 5.293787132724718703e+01
1.746584615617569014e+01 9.835727614417381304e+00 -2.642999953412072500e+00 9.835727614417381304e+00 -3.069735422516821188e+00 2.666813635240445457e+00 -2.642999953412072500e+00 2.666813635240445457e+00 -2.461244816864336826e+01
-1.969556163602743126e+01 -1.126918169635655964e+01 9.781713250813249161e+00 -1.126918169635655964e+01 2.732269160572953837e+01 1.093581843831874423e+01 9.781713250813249161e+00 1.093581843831874423e+01 2.864146892905524489e+00
1.557028291327868796e+00 4.191701882360043818e-01 -6.054815596546250234e+00 4.191701882360043818e-01 7.343673725103418093e+00 1.215795334232975033e+00 -6.054815596546250234e+00 1.215795334232975033e+00 -7.200556504025241722e+00
1.194910172858326902e+01 -5.175614551901836613e+00 -6.394556526876796099e+00 -5.175614551901836613e+00 1.664975484553026774e+01 -8.193309257438366799e+00 -6.394556526876796099e+00 -8.193309257438366799e+00 2.230665093068180127e+01
1.433128949923431250e+01 2.166090556397277567e+01 7.318182295973859830e+00 2.166090556397277567e+01 1.012697955823726481e+01 6.719332218383094357e+00 7.318182295973859830e+00 6.719332218383094357e+00 9.034641813683149891e+00
-1.018501910276697053e+01 5.922302729572400004e+00 1.465224554860844108e+01 5.922302729572400004e+00 1.487321882820100782e+01 3.713408888029674060e+00 1.465224554860844108e+01 3.713408888029674060e+00 -1.417710650081735935e+01
3.213659106433508583e+01 -5.315926987346009547e+00 5.499945048907621370e+00 -5.315926987346009547e+00 2.854109562696427016e+00 -7.002596225131838104e+00 5.499945048907621370e+00 -7.002596225131838104e+00 1.675958463518027131e+01
3.073626452338058535e+00 -5.219903089374331451e-01 -1.020292010073165390e+00 -5.219903089374331451e-01 4.253204278293481799e+00 9.328305786314759374e+00 -1.020292010073165390e+00 9.328305786314759374e+00 6.162375912198717387e+00
7.564863169348572391e+00 -4.639199387522210394e+00 8.850296363936221766e+00 -4.639199387522210394e+00 3.405096852577262467e+00 6.667716172502981209e+00 8.850296363936221766e+00 6.667716172502981209e+00 9.867012624883922944e-01
2.283253694892754027e+01 -7.573040094007004619e+00 1.034685038331254958e+01 -7.573040094007004619e+00 1.490224743836227006e+01 1.125595735419661914e+01 1.034685038331254958e+01 1.125595735419661914e+01 1.507785117178638856e+01
4.148656867224153899e+01 1.351444280095250861e+01 -2.799438768632016128e+00 1.351444280095250861e+01 2.767369825050913335e+01 7.312841177749991317e+00 -2.799438768632016128e+00 7.312841177749991317e+00 -5.803246021308993141e-01
-1.539318532657640759e+01 -6.458106934376744768e+00 1.915978386116805154e+01 -6.458106934376744768e+00 1.349617699943583204e+01 8.671812208549535939e+00 1.915978386116805154e+01 8.671812208549535939e+00 2.318125135635467871e+01
1.713307513652052094e+01 -6.701186387750188267e+00 4.905935060655558289e+00 -6.701186387750188267e+00 -1.197831529695442221e+01 -2.665409093752703296e+00 4.905935060655558289e+00 -2.665409093752703296e+00 8.992729738406961104e+00
2.483202834840505346e+01 -1.526646990936081494e+01 -4.687054460841295622e+00 -1.526646990936081494e+01 2.630743179934230369e+01 -2.115157526626285645e+00 -4.687054460841295622e+00 -2.115157526626285645e+00 3.192685398920713347e+00
1.307498581481251065e+01 1.487565085299664958e+01 -1.441707286242372432e-01 1.487565085299664958e+01 1.055634975931746045e+00 -3.291350385344031793e-01 -1.441707286242372432e-01 -3.291350385344031793e-01 2.128680998897289456e+01
4.352013391798388753e+00 -7.583385066180770906e+00 -5.720376941522841152e-01 -7.583385066180770906e+00 -8.193155193950655502e+00 -3.258927858917741283e+00 -5.720376941522841152e-01 -3.258927858917741283e+00 6.683533716239907996e+00
3.918317391299249941e+00 -1.011678333574202249e+01 5.875471167962682095e+00 -1.011678333574202249e+01 2.834423949704465873e+00 5.933489631868785530e+00 5.875471167962682095e+00 5.933489631868785530e+00 -1.462272520713556823e+01
3.516186159813375411e+01 -4.262697953180443200e+00 -2.977907033879123144e+00 -4.262697953180443200e+00 4.646297136853156928e+00 -1.076894254168203169e+00 -2.977907033879123144e+00 -1.076894254168203169e+00 2.201619941999513230e+01
2.806800993934981392e+00 7.764869193062092556e+00 2.576410640571124677e+00 7.764869193062092556e+00 1.317231532534881211e+01 -4.437768374087761813e+00 2.576410640571124677e+00 -4.437768374087761813e+00 1.482637490056597152e+01
-2.480339269445621220e+00 2.040749517697466331e+01 1.504030301846034590e+01 2.040749517697466331e+01 3.211436893015609684e+01 4.462856285259509725e+00 1.504030301846034590e+01 4.462856285259509725e+00 1.207529814770997412e+01
3.101811172787936055e+00 -3.435370668331490407e+00 6.582776193377933183e+00 -3.435370668331490407e+00 1.575971048191861357e+01 -3.859163805137951542e+00 6.582776193377933183e+00 -3.859163805137951542e+00 2.087998206943498403e+01
7.019535789590970687e+00 5.609537120837448931e+00 4.844171470011961134e+00 5.609537120837448931e+00 3.356960040485984109e+01 -1.006180614074539820e-01 4.844171470011961134e+00 -1.006180614074539820e-01 2.210719286367447012e+01
2.295545577462928577e+01 -6.183316094550007413e+00 -9.527698352459741393e-01 -6.183316094550007413e+00 4.052942875017867763e+00 -8.843157012702025810e+00 -9.527698352459741393e-01 -8.843157012702025810e+00 8.719080420229479156e-01
-1.448812855888563789e+01 -1.394103131762383008e+01 1.525842416118827982e+00 -1.394103131762383008e+01 1.011652447520838116e+01 1.593977960537268146e+00 1.525842416118827982e+00 1.593977960537268146e+00 -1.384940573793507923e+01
-1.887882813477051869e+01 -2.050736281879556699e+00 1.525693666065137144e+01 -2.050736281879556699e+00 -1.568096993158979302e+01 -9.286803640456446018e+00 1.525693666065137144e+01 -9.286803640456446018e+00 -7.271919693557940434e+00
-1.933022321667579746e+01 1.077854871306270290e+01 -6.202286595505777989e+00 1.077854871306270290e+01 -6.700677826790371938e+00 5.398878408196180700e+00 -6.202286595505777989e+00 5.398878408196180700e+00 -1.424195687421476064e+00
-9.687134664763739522e+00 7.416675601225777292e+00 7.513113215759600116e+00 7.416675601225777292e+00 1.705003463201493874e+00 1.056726354854059302e+01 7.513113215759600116e+00 1.056726354854059302e+01 -5.982619281942143097e+00
3.074221810329884619e+01 7.468347500904554792e+00 -8.792736583131411265e+00 7.468347500904554792e+00 1.616825292723991225e+01 -1.519425487459308277e+00 -8.792736583131411265e+00 -1.519425487459308277e+00 2.590193192683378953e+01
2.844062314913530187e+01 -9.460483049710656900e+00 2.517503722661338816e+00 -9.460483049710656900e+00 4.482938285686017110e+01 1.270946901332322376e+01 2.517503722661338816e+00 1.270946901332322376e+01 2.150261517086086727e+01
1.681350898868963739e+01 1.234960665162438787e+01 -2.370780060726585869e+00 1.234960665162438787e+01 1.346482303110242995e+01 1.061525266247726051e+01 -2.370780060726585869e+00 1.061525266247726051e+01 3.243596739356804370e+00
-1.157751900981874549e+01 -7.157578090183036146e+00 3.805354597363828084e+00 -7.157578090183036146e+00 1.000540373424819762e+01 -1.213243901498067157e+00 3.805354597363828084e+00 -1.213243901498067157e+00 -1.499003723694750256e+01
6.249086252656426588e+00 1.546715547595015927e+01 6.124013028899407907e+00 1.546715547595015927e+01 8.822534347172101832e+00 4.003715536925223084e+00 6.124013028899407907e+00 4.003715536925223084e+00 1.745611441975081490e+01
2.490939554581524007e+01 -4.533342179319692633e+00 6.455061259537320240e+00 -4.533342179319692633e+00 1.564616302239327572e+00 4.507841678863733215e+00 6.455061259537320240e+00 4.507841678863733215e+00 -8.919778814109935894e+00
-4.196504506942401846e+00 1.111155594914118616e+01 -4.840793707745367769e+00 1.111155594914118616e+01 1.208851621688888578e+01 -8.890485958253863785e+00 -4.840793707745367769e+00 -8.890485958253863785e+00 -4.201342145006461415e+00
1.063902899369318256e+01 -7.664361222286006026e+00 -3.201732429897294896e+00 -7.664361222286006026e+00 3.771460084415092062e+00 1.070259744358630094e+01 -3.201732429897294896e+00 1.070259744358630094e+01 1.298449013426428711e-01
-1.783893854932040668e+01 -1.986103094357604681e-01 1.005232931780494665e+00 -1.986103094357604681e-01 1.035837608644900421e+01 -3.664045806601212152e-01 1.005232931780494665e+00 -3.664045806601212152e-01 -1.508839122745053984e+01
2.614689015122790039e+01 -8.300537620136037853e-02 1.623794897480076882e+00 -8.300537620136037853e-02 2.943158356500248729e+01 2.074389884062538414e+01 1.623794897480076882e+00 2.074389884062538414e+01 2.193424777995481278e+01
3.040440303228504249e+01 -3.777247674178041859e+00 1.233252113021123808e+00 -3.777247674178041859e+00 4.388831926629892166e+01 7.632937207157657333e+00 1.233252113021123808e+00 7.632937207157657333e+00 1.443383481683547309e+01
2.597726386955606870e+01 -1.167093124496316392e+01 3.925349874274538742e+00 -1.167093124496316392e+01 1.162636985150241831e+00 -7.155834627591660890e+00 3.925349874274538742e+00 -7.155834627591660890e+00 8.131789207877689662e+00
8.868164734325359788e+00 3.136670519426841608e+00 -1.239528034569021209e+01 3.136670519426841608e+00 1.064076848721513890e+01 -2.186807629053853841e+00 -1.239528034569021209e+01 -2.186807629053853841e+00 1.334527072816943871e+01
-7.962355610377480630e+00 1.070545164765116075e+00 -8.520568274216849147e+00 1.070545164765116075e+00 -1.839154134798062223e+00 -2.174654571587753882e+00 -8.520568274216849147e+00 -2.174654571587753882e+00 -5.778443312233107143e+00
2.072058071825003367e+01 -1.154255930138231179e+01 7.187596990561879728e+00 -1.154255930138231179e+01 2.650414572982315420e+01 -2.685178424788015494e+00 7.187596990561879728e+00 -2.685178424788015494e+00 3.273128038459667266e+01
-9.270707693841753638e+00 -4.259013831993390120e+00 4.671054865634739706e+00 -4.259013831993390120e+00 -2.804294317214588617e+01 1.923500011337930804e+00 4.671054865634739706e+00 1.923500011337930804e+00 3.200962132234169033e+00
2.713250456424246337e+01 3.852705624793091754e+00 -4.701420994480168147e+00 3.852705624793091754e+00 3.259672208428614226e+01 1.155723263773003850e+01 -4.701420994480168147e+00 1.155723263773003850e+01 2.835005195669659273e+01
2.560071335034111684e+01 8.821307053760075734e-01 1.929793642744723980e+00 8.821307053760075734e-01 2.594878578029097937e+01 -6.138672447729410564e+00 1.929793642744723980e+00 -6.138672447729410564e+00 3.248774030928084500e+01
-1.494477499960909395e+00 7.760718087861324666e-01 5.762045074640270492e+00 7.760718087861324666e-01 -8.040940286849737717e+00 6.368764875342616705e+00 5.762045074640270492e+00 6.368764875342616705e+00 -2.123049686196496200e-01
-1.568411615262613878e+01 -2.326345712622219786e+00 -4.679348090224676682e+00 -2.326345712622219786e+00 4.083074119762236442e+00 -3.242850231818430462e-01 -4.679348090224676682e+00 -3.242850231818430462e-01 1.098750941996796904e+00
5.572394500251905747e+00 9.059268731215381010e+00 6.883774176264637390e+00 9.059268731215381010e+00 1.492012010099223041e+01 -3.374113948677671448e+00 6.883774176264637390e+00 -3.374113948677671448e+00 1.081799881750990977e+01
-1.321200805623172414e+01 1.208562333811871614e+00 7.861531221779896939e+00 1.208562333811871614e+00 -1.467025898800519812e+01 -3.918651397237258749e+00 7.861531221779896939e+00 -3.918651397237258749e+00 -1.006008453567259053e+01
9.362924355258083864e+00 -7.365332419720697743e+00 -9.089604782305453490e-02 -7.365332419720697743e+00 2.853053410559611702e+00 -3.966691907884779322e+00 -9.089604782305453490e-02 -3.966691907884779322e+00 7.350952246691334402e+00
1.508155263546645308e+01 -9.162847500973198223e+00 8.805251010258603017e+00 -9.162847500973198223e+00 1.622635213824083777e+01 -7.239906481140367056e+00 8.805251010258603017e+00 -7.239906481140367056e+00 1.108321829870357256e+01
-6.676844122736029341e+00 8.871495828187050847e+00 9.801573853641324163e+00 8.871495828187050847e+00 -2.599154816706396431e+01 1.354774283113327904e+01 9.801573853641324163e+00 1.354774283113327904e+01 -1.279515998946147626e+01
3.369243485885240919e+00 5.941526241209587944e+00 -3.321559637915836749e+00 5.941526241209587944e+00 2.527856679170345799e+01 -5.424479466022547047e-01 -3.321559637915836749e+00 -5.424479466022547047e-01 1.725758265139207381e+01
4.045259547763575547e+00 6.341268516052680049e+00 3.082418985407077816e+00 6.341268516052680049e+00 1.769111058386253266e+00 -2.938212252826309934e-01 3.082418985407077816e+00 -2.938212252826309934e-01 1.723960595987260191e+01
-8.615783962345689773e+00 9.872952132080869969e-01 1.817683296159872564e+00 9.872952132080869969e-01 -9.395898080052099033e+00 -2.186475068766155605e+00 1.817683296159872564e+00 -2.186475068766155605e+00 -6.196082142970709139e-01
6.214023103554137784e+00 1.295470100172893435e+00 9.283963710297769012e+00 1.295470100172893435e+00 1.950881433930880604e+01 5.056037454047049629e+00 9.283963710297769012e+00 5.056037454047049629e+00 1.486258835618362806e+00
-2.783917283920316788e+00 -8.909934225635318228e+00 -2.523837027092171725e-01 -8.909934225635318228e+00 -3.255220864882058418e+00 5.768385544663571451e+00 -2.523837027092171725e-01 5.768385544663571451e+00 3.250903735938612726e+01
-5.407598849007143826e+00 4.605191058647601032e+00 -4.371036472883042201e+00 4.605191058647601032e+00 -1.102275256065322218e+01 -9.539959189898633340e+00 -4.371036472883042201e+00 -9.539959189898633340e+00 -1.142626492237038960e+01
1.011128159821566008e+01 1.518748075079425108e+00 -1.080892470400054650e+00 1.518748075079425108e+00 1.035198695436169558e+01 6.579858897725420874e+00 -1.080892470400054650e+00 6.579858897725420874e+00 2.526684118863758499e+01
1.853407208455022603e+00 -1.220489539239635590e+01 2.707877282358427617e+00 -1.220489539239635590e+01 7.717082151236187570e-01 4.615207834633467954e+00 2.707877282358427617e+00 4.615207834633467954e+00 1.185321845745526659e+01
3.069112766246806601e+01 -5.493181244281249986e-01 -7.294480501973366060e+00 -5.493181244281249986e-01 -8.321682794531159999e-01 -1.580097055872256995e+01 -7.294480501973366060e+00 -1.580097055872256995e+01 -5.905010678090433451e+00
2.933040892960682555e+01 6.487823048432563855e-01 7.488223753469264388e+00 6.487823048432563855e-01 2.087576467435837202e+01 -2.249919285017779380e+00 7.488223753469264388e+00 -2.249919285017779380e+00 1.199310922995107731e+01
4.749565763567434651e+00 -4.253496056094481781e-01 -2.854899621998316928e+00 -4.253496056094481781e-01 1.308544274313184808e+01 -4.257511644107861981e-01 -2.854899621998316928e+00 -4.257511644107861981e-01 -1.696491098480070736e+00
2.720506766418552758e+01 -7.761864479806498629e+00 7.682803921353385412e+00 -7.761864479806498629e+00 4.484096042795124859e+00 -4.540385112049445837e+00 7.682803921353385412e+00 -4.540385112049445837e+00 3.728021868222030744e+00
1.048413961696119223e+01 8.632489878732510391e+00 9.482195657729162619e+00 8.632489878732510391e+00 -3.425928653999478879e+00 4.637118361665345745e+00 9.482195657729162619e+00 4.637118361665345745e+00 1.311691158511872324e+01
-9.718630873371106205e+00 1.144296619174592244e+01 1.166306815291389398e+01 1.144296619174592244e+01 9.272972070308853176e+00 -1.492841201801333106e+01 1.166306815291389398e+01 -1.492841201801333106e+01 1.040268197806409489e+01
1.513967306601264606e-01 -1.043428715355579328e+01 -4.367082824983244127e-02 -1.043428715355579328e+01 1.691520104868146390e+01 -2.443057098202416011e+00 -4.367082824983244127e-02 -2.443057098202416011e+00 1.877815756141648507e+01
6.522566265191930057e+00 2.111889835514146885e+00 1.241488573729231426e+01 2.111889835514146885e+00 1.327623347179020818e+01 -5.438925987157678943e-01 1.241488573729231426e+01 -5.438925987157678943e-01 1.987478964724954267e+01
