5.789263464267786929e+01 4.246035810609462224e+00 -9.077648588738179924e+00 4.246035810609462224e+00 5.144857415116083388e+01 7.389449016998903552e+00 -9.077648588738179924e+00 7.389449016998903552e+00 6.357346789799228048e+01
7.826756560276440666e+01 9.650300079208903981e+00 2.969267398219997300e+00 9.650300079208903981e+00 6.033887610712824312e+01 -1.192715736107859748e+01 2.969267398219997300e+00 -1.192715736107859748e+01 5.844569858654765682e+01
7.836671918437602358e+01 -3.920103875277644701e+00 1.816047431516599886e+01 -3.920103875277644701e+00 5.522297900026213568e+01 -1.179555772393766766e+01 1.816047431516599886e+01 -1.179555772393766766e+01 5.429127591865280777e+01
2.382406194686312162e+01 7.092251859398640335e+00 8.543741309923280625e+00 7.092251859398640335e+00 2.043262554539562359e+01 -3.912759540420383542e-01 8.543741309923280625e+00 -3.912759540420383542e-01 2.205942836646269889e+00
-9.632094051300692072e+00 -4.038557858031438741e+00 -3.442193979564549977e+00 -4.038557858031438741e+00 6.864387521106372070e+00 3.095459278521636159e-01 -3.442193979564549977e+00 3.095459278521636159e-01 7.631883189318561023e+00
5.279957233254680204e+01 1.259233755851233705e-01 1.053945228547787316e+01 1.259233755851233705e-01 6.905498021670906894e+01 -9.029567732023499715e+00 1.053945228547787316e+01 -9.029567732023499715e+00 6.092023985364076566e+01
-7.506623579814669434e+00 3.323013559112358295e-01 7.076349990306373350e+00 3.323013559112358295e-01 -9.581743775160745713e+00 -5.420992876728595533e+00 7.076349990306373350e+00 -5.420992876728595533e+00 -9.521704471474643938e+00
5.447351650555971503e+01 9.061285826230324858e+00 1.189711904304285817e+01 9.061285826230324858e+00 5.697466263143753906e+01 -8.109693398717588764e+00 1.189711904304285817e+01 -8.109693398717588764e+00 6.625031323399799987e+01
3.268207315418042214e+01 4.934842614131301985e+00 8.349105177319284365e+00 4.934842614131301985e+00 4.429280380491560010e+01 -1.360588145444614927e+00 8.349105177319284365e+00 -1.360588145444614927e+00 2.808821367183235296e+01
4.831098714109727865e+01 1.214427964427390982e+01 -9.410824381340907152e+00 1.214427964427390982e+01 3.442698796096656366e+01 -1.133513498052186463e+01 -9.410824381340907152e+00 -1.133513498052186463e+01 4.587612880491084155e+01
4.974198503929475379e+01 -2.168185327036860510e+00 -8.852204442689449948e+00 -2.168185327036860510e+00 3.153964035476052885e+01 7.855049595994231026e+00 -8.852204442689449948e+00 7.855049595994231026e+00 1.183419762983045587e+01
5.848809954591187221e+01 -7.926031009291374829e+00 6.619809388859749788e+00 -7.926031009291374829e+00 3.704285007004884278e+01 9.023929486617165097e+00 6.619809388859749788e+00 9.023929486617165097e+00 4.747901172799149805e+01
3.750525249099846548e+01 -2.693743999555149760e+00 -1.767841813096711734e+00 -2.693743999555149760e+00 3.260419068448500468e+01 4.546091481662869249e+00 -1.767841813096711734e+00 4.546091481662869249e+00 1.737787631513186071e+01
8.473882486841735329e+01 5.328809170957912400e+00 -2.103488252247675216e+00 5.328809170957912400e+00 4.541066840450713471e+01 -1.216775691765789036e+00 -2.103488252247675216e+00 -1.216775691765789036e+00 5.855295327117137560e+01
1.704942181538570978e+01 -1.118119767278900945e+00 7.908606188906802004e+00 -1.118119767278900945e+00 5.123435383503887941e+00 3.280264913852938502e+00 7.908606188906802004e+00 3.280264913852938502e+00 2.922104751820473467e+01
2.668693559656507830e+01 9.413597024618500342e+00 1.312910559494625318e+00 9.413597024618500342e+00 3.640218374709967009e+01 -1.016406237729518880e+00 1.312910559494625318e+00 -1.016406237729518880e+00 1.885703725889448990e+01
5.369940496810011865e+01 1.074843388405568867e-01 -3.387339394946606852e+00 1.074843388405568867e-01 3.846724791524126630e+01 1.244492546381276199e+01 -3.387339394946606852e+00 1.244492546381276199e+01 5.953869805926554903e+01
5.136342160398549517e+00 1.837961045511039870e+01 4.668760474822239992e+00 1.837961045511039870e+01 1.394131340852653000e+00 1.395876046699407169e+01 4.668760474822239992e+00 1.395876046699407169e+01 5.730717280881686193e+00
5.551092752412705522e+01 -1.271195799045655761e+01 -8.511030914666218194e+00 -1.271195799045655761e+01 5.121623343025564168e+01 4.480573318965017648e+00 -8.511030914666218194e+00 4.480573318965017648e+00 4.724873897568835446e+01
2.810739847180767015e+01 5.788387212723125064e-01 4.457294780010868429e+00 5.788387212723125064e-01 2.836249755223037639e+01 5.925956054399604156e+00 4.457294780010868429e+00 5.925956054399604156e+00 2.171175341538951287e+01
5.776927009500440846e+01 9.894521487115431668e+00 -6.463924549557518162e-01 9.894521487115431668e+00 4.423226048920179920e+01 -5.163824992248062351e+00 -6.463924549557518162e-01 -5.163824992248062351e+00 2.000874624970671078e+01
5.747027371259697048e+01 6.407098864957315065e+00 5.995738483606854352e+00 6.407098864957315065e+00 2.944552711045699311e+01 -1.137642595822040903e+01 5.995738483606854352e+00 -1.137642595822040903e+01 2.381151272327598889e+01
1.122551330911209888e+01 9.612340260837648032e+00 6.945045695759775040e-01 9.612340260837648032e+00 1.939652158272526350e+01 5.436828827464228908e+00 6.945045695759775040e-01 5.436828827464228908e+00 2.330862411093818309e+01
7.152533426645102566e+01 4.526291112735456146e+00 -4.150404257138903930e+00 4.526291112735456146e+00 7.238198733518329675e+01 1.619237150070427589e+01 -4.150404257138903930e+00 1.619237150070427589e+01 8.037547004840672571e+01
6.825032338551272915e+01 5.467945565969247745e+00 2.454956341303708989e+00 5.467945565969247745e+00 5.844297385953183266e+01 6.694915705186445187e+00 2.454956341303708989e+00 6.694915705186445187e+00 5.305789503102646165e+01
4.327377019493889776e+01 1.223576017367207491e+01 1.685835860419714893e-01 1.223576017367207491e+01 4.525855501138475745e+01 8.633997890472691061e-01 1.685835860419714893e-01 8.633997890472691061e-01 5.758524141314889988e+01
7.096694284423988108e+01 -8.464078005514327430e+00 3.337263932763993246e+00 -8.464078005514327430e+00 8.661129571447992248e+01 6.565905851727083409e+00 3.337263932763993246e+00 6.565905851727083409e+00 5.474106746589612271e+01
6.324243566075291056e+01 1.337435800657329565e+01 1.616247266394604054e+01 1.337435800657329565e+01 6.286739348081364653e+01 -1.521408530921310565e+01 1.616247266394604054e+01 -1.521408530921310565e+01 7.253589638457930278e+01
3.195862683306571483e+01 -1.013625727009071831e+00 8.142773311617368392e-02 -1.013625727009071831e+00 -4.220198737425916669e+00 -6.351476212494304718e+00 8.142773311617368392e-02 -6.351476212494304718e+00 1.878716987884997636e+01
9.747039266721711215e+01 7.239557919830603705e-01 -2.349315402777041595e-01 7.239557919830603705e-01 5.940325250486444730e+01 -5.526255084242779780e+00 -2.349315402777041595e-01 -5.526255084242779780e+00 7.162569593617408259e+01
2.979472947382596715e+01 7.459520473109182426e+00 -2.289196202937920699e+00 7.459520473109182426e+00 4.178381551719576237e+01 -9.881661986511401707e+00 -2.289196202937920699e+00 -9.881661986511401707e+00 6.916307318911745483e+01
5.189031237225349003e+01 -1.021542279963624011e+01 3.487098511591281369e+00 -1.021542279963624011e+01 4.508016047292123574e+01 5.799066775121303863e+00 3.487098511591281369e+00 5.799066775121303863e+00 5.007411065703719544e+01
5.898091010985704941e+01 -5.615359552594038073e-01 8.006417425264920951e+00 -5.615359552594038073e-01 3.056860309033904954e+01 -8.260872950114089619e+00 8.006417425264920951e+00 -8.260872950114089619e+00 7.419067157537402579e+01
3.289179760790936058e+01 4.378131754859300173e-01 1.469387683686894519e+01 4.378131754859300173e-01 3.152562123011460216e+01 6.782363762471752544e+00 1.469387683686894519e+01 6.782363762471752544e+00 2.417998848785235921e+01
7.722804251264656727e+01 -9.446925072856007688e+00 -8.766162047750654551e+00 -9.446925072856007688e+00 5.583016693477231485e+01 1.497628455643159562e+01 -8.766162047750654551e+00 1.497628455643159562e+01 4.549968229875977244e+01
2.081326389433970903e+01 9.406116305752984630e+00 1.107216435239935493e+01 9.406116305752984630e+00 2.456611674455117367e+01 -1.059049359142626123e+01 1.107216435239935493e+01 -1.059049359142626123e+01 1.767993167227341900e+01
