2.072716116108562971e+02 2.139723470070616429e+01 -1.739050934328248488e+01 2.139723470070616429e+01 2.270824378011762121e+02 -1.085094691746026108e+01 -1.739050934328248488e+01 -1.085094691746026108e+01 2.097052988298984246e+02
1.880733008273008409e+02 -1.482441948351867467e+01 -2.005943500007043578e+00 -1.482441948351867467e+01 1.859785138892983127e+02 2.124305519666559405e+01 -2.005943500007043578e+00 2.124305519666559405e+01 1.848918725328676658e+02
1.862692282943431223e+02 2.671502482147919366e+01 -4.916864786208272164e+00 2.671502482147919366e+01 1.963018319216573957e+02 -3.374080327328732309e+00 -4.916864786208272164e+00 -3.374080327328732309e+00 1.871948536191269739e+02
1.797301265022745440e+02 -1.188421724827463555e+00 1.902811079716547837e+01 -1.188421724827463555e+00 1.826306588243222961e+02 4.259960973969183939e+00 1.902811079716547837e+01 4.259960973969183939e+00 1.643561944411916613e+02
1.789249523562589275e+02 -1.447862081358865360e+01 -1.175821023787244890e+01 -1.447862081358865360e+01 1.898426021836028212e+02 5.144036212229416094e+00 -1.175821023787244890e+01 5.144036212229416094e+00 1.896102712052194761e+02
1.426096618662859044e+02 -1.204061146907063851e+01 1.198697467600135802e+01 -1.204061146907063851e+01 1.518443359605698220e+02 6.230626124277795164e+00 1.198697467600135802e+01 6.230626124277795164e+00 1.603205614834814696e+02
1.852434699443230386e+02 1.146877023036303012e+00 4.123090580889506640e+00 1.146877023036303012e+00 1.588949121760324488e+02 2.259267057876826357e+01 4.123090580889506640e+00 2.259267057876826357e+01 2.135063052907640895e+02
1.881114002256182403e+02 5.670438044712033943e-01 1.074631220037081647e+01 5.670438044712033943e-01 1.683439927183819407e+02 1.631900094724854711e+01 1.074631220037081647e+01 1.631900094724854711e+01 1.714539168793340593e+02
2.007389215375470712e+02 5.318126244617701559e+00 1.920921494485918757e+01 5.318126244617701559e+00 1.867674341694343525e+02 1.222758923139350351e+01 1.920921494485918757e+01 1.222758923139350351e+01 1.776944838389493100e+02
2.203052606841123691e+02 6.811220083369580180e+00 2.268309240146290406e+01 6.811220083369580180e+00 1.803028917336263817e+02 1.669012098477093531e+01 2.268309240146290406e+01 1.669012098477093531e+01 1.804835345189148370e+02
1.581974392296396843e+02 1.845963956538382789e+01 -1.252836522508198414e+01 1.845963956538382789e+01 1.525173013815213494e+02 -1.001641668080077352e+01 -1.252836522508198414e+01 -1.001641668080077352e+01 1.567716049561460920e+02
1.817473269040215484e+02 -2.811008293601548136e+00 1.644841076935672675e+01 -2.811008293601548136e+00 1.673785122971571298e+02 7.093358521962662699e+00 1.644841076935672675e+01 7.093358521962662699e+00 1.538714542292967167e+02
1.749125330732330497e+02 1.318508183613417195e+01 -1.195086285210372701e+01 1.318508183613417195e+01 1.621047465219682238e+02 3.039799292457785906e+00 -1.195086285210372701e+01 3.039799292457785906e+00 1.483773479508825801e+02
1.821931638473313910e+02 -1.905240090629021665e+01 -7.436653829899442236e+00 -1.905240090629021665e+01 1.868935561847029589e+02 1.540350651323377029e+01 -7.436653829899442236e+00 1.540350651323377029e+01 1.630366709424862108e+02
1.684746621791706218e+02 -1.163944963955448308e+01 7.000536861842689085e+00 -1.163944963955448308e+01 1.679246537793378593e+02 1.416536947627539078e+01 7.000536861842689085e+00 1.416536947627539078e+01 1.685384870155070587e+02
1.546222421970823007e+02 1.927588400785253242e+01 -1.175847274780578289e+01 1.927588400785253242e+01 1.620059633425322829e+02 -3.059687957836777272e+00 -1.175847274780578289e+01 -3.059687957836777272e+00 1.617210040471364039e+02
1.834007704090045650e+02 -1.012191413215604285e+01 -5.627234028521437281e+00 -1.012191413215604285e+01 1.723389716700893644e+02 -3.458222458608402328e-02 -5.627234028521437281e+00 -3.458222458608402328e-02 1.704072145492784500e+02
1.739249835185989355e+02 -2.854684639489348807e+00 -1.775702761296685495e+01 -2.854684639489348807e+00 1.969538158017292346e+02 2.049500855500193452e+01 -1.775702761296685495e+01 2.049500855500193452e+01 1.451192248850457815e+02
1.711335604614699264e+02 -1.661212953222542410e+01 -1.421238188723322793e+01 -1.661212953222542410e+01 1.744111227658326300e+02 2.649806065989698212e+01 -1.421238188723322793e+01 2.649806065989698212e+01 1.543461338530464957e+02
2.076614042033764918e+02 1.320655799842224454e+01 2.669796932476863915e+01 1.320655799842224454e+01 1.953996876190137755e+02 -7.402270619544161212e-01 2.669796932476863915e+01 -7.402270619544161212e-01 1.961730928570257788e+02
1.918399502652844149e+02 7.302685794670523700e-01 -8.718817137894308900e+00 7.302685794670523700e-01 2.142627966847169034e+02 1.566854161415766811e+01 -8.718817137894308900e+00 1.566854161415766811e+01 1.826336043586413211e+02
1.851062389439502738e+02 2.241454658408873968e+01 -9.801047354050657745e+00 2.241454658408873968e+01 1.639523264728640868e+02 -5.626436474528308196e+00 -9.801047354050657745e+00 -5.626436474528308196e+00 1.623615096392998964e+02
1.760986094294749478e+02 2.209220604346296568e+01 3.025439317825941110e+00 2.209220604346296568e+01 1.790076061641338185e+02 -6.268335566101397305e+00 3.025439317825941110e+00 -6.268335566101397305e+00 1.886760319145854510e+02
1.758242323741961854e+02 -1.651271078086090416e+00 1.116231382256583693e+01 -1.651271078086090416e+00 1.312401167550719379e+02 1.261991859978808606e+01 1.116231382256583693e+01 1.261991859978808606e+01 1.617521418242882589e+02
1.897438873935815309e+02 -3.290051967791599807e+00 1.924088106785260877e+01 -3.290051967791599807e+00 1.921472867114827636e+02 6.283618849571506182e+00 1.924088106785260877e+01 6.283618849571506182e+00 2.019181282732386080e+02
1.556132436931578980e+02 -5.204648713089876644e+00 -2.097007932756411464e+01 -5.204648713089876644e+00 1.832790313967695397e+02 1.812323291402796599e+01 -2.097007932756411464e+01 1.812323291402796599e+01 1.491750720264022050e+02
1.935508535388795792e+02 2.593638304170926645e+01 -3.524549472958067864e-01 2.593638304170926645e+01 1.979299297295060569e+02 -1.054851230453630428e+01 -3.524549472958067864e-01 -1.054851230453630428e+01 1.994239778410737358e+02
1.814917760491845513e+02 -9.359707132965530363e+00 7.437154517065122761e+00 -9.359707132965530363e+00 1.674529761817155702e+02 2.106194440393408129e+01 7.437154517065122761e+00 2.106194440393408129e+01 1.582276561164156021e+02
1.573190664819681217e+02 -2.766912396560634591e+01 -7.375901894428384509e+00 -2.766912396560634591e+01 1.410201278265732583e+02 2.147434012778309054e+01 -7.375901894428384509e+00 2.147434012778309054e+01 1.293597293595714746e+02
1.594985195288016371e+02 -4.849326676187508234e+00 6.308799192215347240e+00 -4.849326676187508234e+00 1.547811705070212156e+02 1.124678825037659813e+01 6.308799192215347240e+00 1.124678825037659813e+01 1.580971103728000458e+02
1.682364806661618104e+02 1.251171971097125812e+01 -8.160924066960813406e+00 1.251171971097125812e+01 1.534983763240958012e+02 -4.737161458031479810e+00 -8.160924066960813406e+00 -4.737161458031479810e+00 1.703377633950849201e+02
1.830781339414787965e+02 1.316045996537222784e+01 -1.952428260169157426e+01 1.316045996537222784e+01 1.630103930226882198e+02 -3.128125536055540667e+00 -1.952428260169157426e+01 -3.128125536055540667e+00 2.003203687473719299e+02
1.858778643479982122e+02 6.524073774416832450e+00 -4.868291253240564664e+00 6.524073774416832450e+00 1.823898773010395189e+02 -3.307780333472973400e+00 -4.868291253240564664e+00 -3.307780333472973400e+00 1.730786720409116697e+02
1.500753340427620230e+02 -9.502594228175493818e-01 -4.482436717071778709e+00 -9.502594228175493818e-01 1.498500007846521953e+02 6.601561920770653735e+00 -4.482436717071778709e+00 6.601561920770653735e+00 1.462314177943183608e+02
1.864161701722457281e+02 4.086860507742542836e+00 -6.831719561861886447e+00 4.086860507742542836e+00 2.347095173505319678e+02 1.586362050610673258e+01 -6.831719561861886447e+00 1.586362050610673258e+01 1.787446143652630610e+02
1.894127495918286002e+02 -2.042452694163601024e+01 -8.385390231463988542e+00 -2.042452694163601024e+01 1.713831550583840624e+02 1.195930261873558997e+01 -8.385390231463988542e+00 1.195930261873558997e+01 1.441918179482858307e+02
