5.387751542474763937e+02 -2.310766293596646648e+01 2.668479288559289397e+00 -2.310766293596646648e+01 5.232473682869155027e+02 -1.860608254062952938e+01 2.668479288559289397e+00 -1.860608254062952938e+01 5.206235943705942191e+02
1.643093166277904857e+03 4.725454196799463880e+00 -1.758590799696264639e+01 4.725454196799463880e+00 1.713492392039169317e+03 4.236350658701131522e+01 -1.758590799696264639e+01 4.236350658701131522e+01 1.678055005432988992e+03
1.684702836374902063e+03 6.150881340689854149e+00 -2.771714198173935628e+01 6.150881340689854149e+00 1.772355051344718504e+03 2.868923935948821580e+01 -2.771714198173935628e+01 2.868923935948821580e+01 1.755382003247804732e+03
6.479017268067862005e+02 -1.390116713238966284e+01 8.550335464942405039e+00 -1.390116713238966284e+01 7.079026659829290793e+02 -1.654002314892280978e+01 8.550335464942405039e+00 -1.654002314892280978e+01 6.672237688184835633e+02
6.768580197531471185e+02 -1.124416027813934527e+01 5.546496164713846433e+00 -1.124416027813934527e+01 7.394721481322438876e+02 -1.686368537560788639e+01 5.546496164713846433e+00 -1.686368537560788639e+01 6.978486748309890118e+02
7.252687975214207654e+02 -9.125432364481858016e+00 -2.545007764180911902e+00 -9.125432364481858016e+00 7.592541187662397988e+02 -2.846888787059667791e+01 -2.545007764180911902e+00 -2.846888787059667791e+01 7.302943668125548129e+02
1.013644830216199239e+03 2.934602278296982281e+00 2.362755136277970536e+01 2.934602278296982281e+00 1.096012441007529333e+03 -8.045210212899835511e+00 2.362755136277970536e+01 -8.045210212899835511e+00 1.102512292895830797e+03
5.594609238923047769e+02 -6.598951282957109754e+00 -7.928287653367439569e-01 -6.598951282957109754e+00 5.976588900193888776e+02 1.555864282015114775e+01 -7.928287653367439569e-01 1.555864282015114775e+01 5.557273146791595764e+02
6.400592114877932772e+02 -1.247519482534920954e+01 -2.105788294628359836e+01 -1.247519482534920954e+01 6.573039667742822303e+02 -1.392541551549408574e+01 -2.105788294628359836e+01 -1.392541551549408574e+01 6.072662926125710783e+02
7.470754077920514646e+02 1.975820606468839813e+01 -2.888760780070484202e+00 1.975820606468839813e+01 7.675780400986886889e+02 9.350522388499481252e+00 -2.888760780070484202e+00 9.350522388499481252e+00 7.301160046456228656e+02
6.809864315849703189e+02 1.276844380622807762e+01 -2.252843135368337357e+01 1.276844380622807762e+01 6.663496692166377215e+02 8.832948879012723964e+00 -2.252843135368337357e+01 8.832948879012723964e+00 6.421790982492424291e+02
5.502743730731990581e+02 -1.683998986305420686e+01 -2.992249548078828036e-01 -1.683998986305420686e+01 6.040026129969716067e+02 -2.224785052660330464e+01 -2.992249548078828036e-01 -2.224785052660330464e+01 5.357017392281823049e+02
8.136108005399810281e+02 -2.412914081115089715e+01 -2.051224738305740658e+01 -2.412914081115089715e+01 8.451734298537323866e+02 -7.082814819820772989e+00 -2.051224738305740658e+01 -7.082814819820772989e+00 8.543951623031084637e+02
7.648732555609424253e+02 -1.605026718433537880e+01 -3.643727962855479952e+00 -1.605026718433537880e+01 7.856303916552257078e+02 -4.953991948041863935e+00 -3.643727962855479952e+00 -4.953991948041863935e+00 8.125299911637640662e+02
6.568632399021010997e+02 2.765915772083144653e+00 1.998624559610073348e+01 2.765915772083144653e+00 6.536237485775964160e+02 1.403898888127636901e+01 1.998624559610073348e+01 1.403898888127636901e+01 6.279679007673570368e+02
1.680026140668564267e+03 1.489373875797338087e+01 -2.918745829962323057e+01 1.489373875797338087e+01 1.755364816456556127e+03 4.888715912824907406e+01 -2.918745829962323057e+01 4.888715912824907406e+01 1.687276592367030389e+03
5.896962209366953402e+02 -7.906904239897508901e+00 -3.657342806830087500e+00 -7.906904239897508901e+00 6.724201088757681646e+02 -2.355408057980379510e+01 -3.657342806830087500e+00 -2.355408057980379510e+01 6.006032689113641254e+02
6.110661785527612437e+02 -2.390960259334162430e+01 -9.804642067217521628e+00 -2.390960259334162430e+01 6.183504115741611713e+02 -9.575008461152579642e+00 -9.804642067217521628e+00 -9.575008461152579642e+00 5.665575850850761981e+02
7.661882741231906948e+02 -1.136866607025818254e+01 -2.465304686602469530e+01 -1.136866607025818254e+01 7.909374052050950468e+02 -8.094757453824440674e+00 -2.465304686602469530e+01 -8.094757453824440674e+00 8.025167547149064831e+02
5.962225112186080196e+02 -1.635296027898761295e+01 5.297544995816384272e+00 -1.635296027898761295e+01 5.621662805361652318e+02 3.216224553371334061e+00 5.297544995816384272e+00 3.216224553371334061e+00 5.465194142333650689e+02
1.056014674185938020e+03 -1.690129970761929101e+01 -2.599870302995876870e+01 -1.690129970761929101e+01 1.038071157795229965e+03 2.340299818348804095e+01 -2.599870302995876870e+01 2.340299818348804095e+01 1.036295075068559072e+03
7.358907657011330912e+02 4.473104645396184686e+00 -2.147285709949016308e+01 4.473104645396184686e+00 7.444845612414592324e+02 1.658154639408637721e+01 -2.147285709949016308e+01 1.658154639408637721e+01 7.356589945748703485e+02
6.613948226224890732e+02 1.531713212074638619e+01 -2.071818942298630972e+01 1.531713212074638619e+01 6.680350091898905021e+02 3.873259790908724653e+01 -2.071818942298630972e+01 3.873259790908724653e+01 6.453854245761361881e+02
1.060398960170461351e+03 2.660018767170034693e+01 6.978746973381024077e+01 2.660018767170034693e+01 1.169085345897161915e+03 -3.303634515786794168e+01 6.978746973381024077e+01 -3.303634515786794168e+01 1.149093008393256923e+03
8.030723931338294506e+02 -1.110237464859321754e+01 -1.410933730044432544e+01 -1.110237464859321754e+01 8.329343792557634742e+02 -1.201652441749599376e+01 -1.410933730044432544e+01 -1.201652441749599376e+01 8.321623671319200639e+02
1.037307138016240970e+03 5.574283653868588928e+00 8.108839713434551300e+01 5.574283653868588928e+00 1.110853969694938087e+03 -2.546637950779948056e+01 8.108839713434551300e+01 -2.546637950779948056e+01 1.113834900859125810e+03
1.035819402567404268e+03 2.300651420857789020e+01 8.066814098990457182e+01 2.300651420857789020e+01 1.118176390739548424e+03 -4.020714239848359028e+01 8.066814098990457182e+01 -4.020714239848359028e+01 1.139379647802253430e+03
7.466020909163411261e+02 1.812628703083310810e+01 -1.528303830885516845e+01 1.812628703083310810e+01 7.398586916390036095e+02 9.251252547027922768e-01 -1.528303830885516845e+01 9.251252547027922768e-01 7.572059165643379401e+02
7.355609554561010555e+02 -8.105586872563675271e+00 8.049845542709233470e+00 -8.105586872563675271e+00 7.569043378822779005e+02 -1.979492774648880626e+01 8.049845542709233470e+00 -1.979492774648880626e+01 7.634573288614890316e+02
9.993974870494431570e+02 1.138078851653778401e+01 6.382827287970943075e+01 1.138078851653778401e+01 1.134845212190128450e+03 -4.253801009187050397e+00 6.382827287970943075e+01 -4.253801009187050397e+00 1.082598210962123403e+03
5.692789633121702764e+02 -1.136486426797396732e+01 -2.156791529705598265e+01 -1.136486426797396732e+01 5.831441129855144254e+02 -9.850133857061962317e+00 -2.156791529705598265e+01 -9.850133857061962317e+00 5.168030622256002289e+02
1.664736206944123978e+03 -7.687972219195356338e+00 -1.512487121680630864e+01 -7.687972219195356338e+00 1.706258161671157040e+03 1.322691560900581464e+01 -1.512487121680630864e+01 1.322691560900581464e+01 1.670768617882405806e+03
7.275471515130717535e+02 4.466986516471749269e+00 -1.691479557585903848e+01 4.466986516471749269e+00 7.134068122568841090e+02 2.580840132127120867e+01 -1.691479557585903848e+01 2.580840132127120867e+01 6.958481901319229337e+02
1.032688728903487799e+03 1.388541133311541387e+01 9.408156917247929130e+01 1.388541133311541387e+01 1.131351814691360914e+03 -2.677459820860131501e+01 9.408156917247929130e+01 -2.677459820860131501e+01 1.134863550888819418e+03
7.138446906454807959e+02 7.558799204102998104e+00 -1.860450200998779025e+01 7.558799204102998104e+00 7.179487290812319316e+02 2.307770457604941328e+01 -1.860450200998779025e+01 2.307770457604941328e+01 7.237872485954518424e+02
1.666218575720419039e+03 -1.637023731352683953e+01 -6.724930586289450396e+00 -1.637023731352683953e+01 1.660032941094849093e+03 4.514231779927563082e+01 -6.724930586289450396e+00 4.514231779927563082e+01 1.687389872712894658e+03
