5.789704174828908663e+02 5.989360926752524072e+00 -3.262413482268408416e+01 5.989360926752524072e+00 5.111962390502454241e+02 2.590843317625648368e+01 -3.262413482268408416e+01 2.590843317625648368e+01 5.887905465206558802e+02
2.046591352298670756e+02 1.295057593832073906e+01 -3.238089376549032750e+01 1.295057593832073906e+01 2.035965717366377135e+02 -2.030820290062426992e+01 -3.238089376549032750e+01 -2.030820290062426992e+01 1.673870375730625994e+02
1.933880956207381985e+02 4.819774923835851710e-01 -1.933904411515804966e+01 4.819774923835851710e-01 1.687673383060814274e+02 -1.636532681370624331e+01 -1.933904411515804966e+01 -1.636532681370624331e+01 1.588281488755765452e+02
5.901214389517251675e+02 2.106552391455068474e+01 -2.280284314774014476e+01 2.106552391455068474e+01 5.182219235608113195e+02 1.449833008619163977e+01 -2.280284314774014476e+01 1.449833008619163977e+01 5.792091589708714992e+02
1.811026700821067550e+02 1.412202166633006684e+01 -1.762719727921111001e+01 1.412202166633006684e+01 1.647865334506207944e+02 -3.309317203215630343e+01 -1.762719727921111001e+01 -3.309317203215630343e+01 1.584354100627239461e+02
1.970803899684501062e+02 3.330349891949303043e+01 5.763883264042407584e-01 3.330349891949303043e+01 2.184702912452773944e+02 -8.956468200483774567e+00 5.763883264042407584e-01 -8.956468200483774567e+00 1.977342046677399594e+02
1.906240974864687416e+02 8.457606242157583054e+00 -1.333703409677926288e+01 8.457606242157583054e+00 1.804698534400579604e+02 -1.902930611221153967e+01 -1.333703409677926288e+01 -1.902930611221153967e+01 1.300190555264211980e+02
1.895605782380113453e+02 1.024060423152017130e+01 -2.616086198931547102e+01 1.024060423152017130e+01 2.095871450987981177e+02 -2.307687234494931161e+01 -2.616086198931547102e+01 -2.307687234494931161e+01 1.727466206835071603e+02
5.862644421217796662e+02 1.188492423975906931e+01 -3.513579837924955740e+01 1.188492423975906931e+01 5.039585824821310780e+02 7.248223046203579045e-01 -3.513579837924955740e+01 7.248223046203579045e-01 5.876869414518916983e+02
1.904220129957508334e+02 9.750931002326893804e+00 -2.285499184083929336e+01 9.750931002326893804e+00 2.276198863367372098e+02 -6.962738096092769169e+00 -2.285499184083929336e+01 -6.962738096092769169e+00 1.548064345034572113e+02
2.043634471107662876e+02 -5.389925655765424040e+00 -2.886868427483264554e+01 -5.389925655765424040e+00 1.895361830553086406e+02 -3.176203283403211586e+01 -2.886868427483264554e+01 -3.176203283403211586e+01 1.649564066828858415e+02
6.016913749755807430e+02 3.200209215827097609e+01 -3.015896968925760646e+01 3.200209215827097609e+01 5.174325379045176305e+02 2.225445338427629871e-01 -3.015896968925760646e+01 2.225445338427629871e-01 5.745218106271072429e+02
1.941315778550941502e+02 1.866534661915545001e+01 -4.282022557861531631e+00 1.866534661915545001e+01 2.179352494104539346e+02 -6.160968175061376506e+00 -4.282022557861531631e+00 -6.160968175061376506e+00 1.964139964229846953e+02
5.930611432783509827e+02 6.184475856506533198e+00 -2.820836545367784254e+01 6.184475856506533198e+00 5.060055471458379088e+02 3.087301310159139334e+00 -2.820836545367784254e+01 3.087301310159139334e+00 5.670795640443158163e+02
6.072862679933449499e+02 3.123279122219650006e+01 -3.333518268361674330e+01 3.123279122219650006e+01 5.201830961228693013e+02 1.482246980936367819e+01 -3.333518268361674330e+01 1.482246980936367819e+01 5.756449860905637479e+02
5.994656946847633208e+02 2.702626532723127895e+01 -2.737902772610846824e+01 2.702626532723127895e+01 5.266724601448031535e+02 6.370392986013442282e+00 -2.737902772610846824e+01 6.370392986013442282e+00 5.525517759649990239e+02
1.879859934762222906e+02 6.892010902846598119e-01 -2.370004036224309374e+01 6.892010902846598119e-01 2.129895518574747371e+02 -3.391856409796710636e+01 -2.370004036224309374e+01 -3.391856409796710636e+01 1.680858392853051271e+02
6.015955170870937536e+02 3.424104713904662134e+01 -3.337353136110859708e+01 3.424104713904662134e+01 5.196559026664785961e+02 7.858460947664815954e+00 -3.337353136110859708e+01 7.858460947664815954e+00 5.659835747752113093e+02
1.837235126568630790e+02 -5.643761294035811726e-01 -1.511216347893159551e+01 -5.643761294035811726e-01 1.702770337887413064e+02 -1.980575248312482017e+01 -1.511216347893159551e+01 -1.980575248312482017e+01 1.422948717056904115e+02
1.747396771488073455e+02 9.985872010173629576e+00 -2.844506895074700736e+01 9.985872010173629576e+00 1.727086796721787607e+02 -2.631023981312590010e+01 -2.844506895074700736e+01 -2.631023981312590010e+01 1.500532997147443268e+02
1.922747591369709994e+02 1.645767976303377012e+01 -2.125455591657733123e+01 1.645767976303377012e+01 1.980520359434976854e+02 -1.536387926005702909e+01 -2.125455591657733123e+01 -1.536387926005702909e+01 1.645336721068093766e+02
1.859004178279552093e+02 1.581107713787686464e+01 -1.575083487775874502e+01 1.581107713787686464e+01 1.724299311467939901e+02 -2.110357926309445631e+00 -1.575083487775874502e+01 -2.110357926309445631e+00 1.667798751942477793e+02
1.669528545184585937e+02 1.512608075764913806e+01 -1.729379153094204469e+01 1.512608075764913806e+01 1.703278481203081185e+02 -2.625605270588297557e+01 -1.729379153094204469e+01 -2.625605270588297557e+01 1.548043191813982844e+02
1.809229884506716530e+02 2.861224264588557986e+01 5.941909569862547258e+00 2.861224264588557986e+01 2.064253088419932283e+02 7.819172793508740504e+00 5.941909569862547258e+00 7.819172793508740504e+00 1.874014555168153322e+02
2.026317899703692262e+02 1.358182869931116699e+01 -8.565879565942177365e+00 1.358182869931116699e+01 1.958981112568879155e+02 -1.205115014193554224e+01 -8.565879565942177365e+00 -1.205115014193554224e+01 1.435647886033106317e+02
5.647052992219489624e+02 2.999527688491067323e+01 -3.098348018671575232e+01 2.999527688491067323e+01 5.081523457893045475e+02 6.036751232188418470e+00 -3.098348018671575232e+01 6.036751232188418470e+00 5.447542046205936686e+02
1.878502868320562982e+02 9.135196777099292120e+00 -3.156197606739035066e+01 9.135196777099292120e+00 1.572336109889187128e+02 -2.665415992676729928e+01 -3.156197606739035066e+01 -2.665415992676729928e+01 1.635408800403101282e+02
1.971453008606530943e+02 1.227467033728285806e+01 -9.010258222699375708e+00 1.227467033728285806e+01 1.955068297362509497e+02 -1.876861018195005926e+01 -9.010258222699375708e+00 -1.876861018195005926e+01 1.655173717433700062e+02
1.790003585945662792e+02 2.114107017387227572e+01 -1.427626285227749747e+01 2.114107017387227572e+01 2.030107881128482745e+02 -3.660509375072405813e+00 -1.427626285227749747e+01 -3.660509375072405813e+00 2.110911639287771777e+02
1.931131783886980600e+02 1.500183478723140063e+01 -6.393091827497904944e+00 1.500183478723140063e+01 1.992145344657663202e+02 -2.707158533738686756e+01 -6.393091827497904944e+00 -2.707158533738686756e+01 1.734733005930894478e+02
1.685618885432531613e+02 1.346340536373350361e+01 -2.003025968424209324e+01 1.346340536373350361e+01 1.817391270190710202e+02 -3.075705729458307758e+01 -2.003025968424209324e+01 -3.075705729458307758e+01 1.427229369975774205e+02
1.900343914837692125e+02 2.048663579742871477e+01 -2.461028798420769803e+01 2.048663579742871477e+01 2.029743076433250906e+02 -3.869556305014011155e+00 -2.461028798420769803e+01 -3.869556305014011155e+00 1.644037662491883793e+02
1.803088934660030986e+02 3.107618491922019288e+01 1.397332070859841568e+00 3.107618491922019288e+01 2.235920285309333053e+02 -1.056382434471140819e+01 1.397332070859841568e+00 -1.056382434471140819e+01 2.070586762107593302e+02
1.644646377009299272e+02 1.276183294697770698e+01 -2.997549071645951813e+01 1.276183294697770698e+01 1.914382579407421190e+02 -1.742947143642155083e+01 -2.997549071645951813e+01 -1.742947143642155083e+01 1.311933040753855835e+02
1.918081473386350808e+02 8.790009638409784998e+00 -3.165624987346066632e+01 8.790009638409784998e+00 2.018639253666509603e+02 -1.765470644992474902e+01 -3.165624987346066632e+01 -1.765470644992474902e+01 1.413820797983066200e+02
1.973317445876374165e+02 -4.890578306112240980e+00 -1.827579517811733112e+01 -4.890578306112240980e+00 2.067492404961048464e+02 -2.180214579345855341e+01 -1.827579517811733112e+01 -2.180214579345855341e+01 1.523979446241060884e+02
1.876916389917571735e+02 7.416730201695241220e+00 -1.645877540468174516e+01 7.416730201695241220e+00 1.852204867593726192e+02 -1.947259717381537580e+00 -1.645877540468174516e+01 -1.947259717381537580e+00 1.591488286666638032e+02
2.009830833304644955e+02 1.795364683815818196e+01 -2.376629724270908639e+01 1.795364683815818196e+01 1.696953763315541153e+02 1.189688893098225897e+00 -2.376629724270908639e+01 1.189688893098225897e+00 1.531344605847296805e+02
1.850678028024136665e+02 1.785589935759309554e+01 1.376830221676447152e+01 1.785589935759309554e+01 2.274594345223553375e+02 -1.203112987579537752e+01 1.376830221676447152e+01 -1.203112987579537752e+01 2.081016363447382389e+02
1.834369848909647658e+02 -3.354248967797949899e+00 -1.821572231509208706e+01 -3.354248967797949899e+00 1.932432877239656079e+02 -7.888520103791441862e+00 -1.821572231509208706e+01 -7.888520103791441862e+00 1.738430994508048570e+02
1.935460668631066596e+02 2.218314687507478666e+01 1.189623843574392836e+01 2.218314687507478666e+01 2.030946404031316774e+02 -4.581478693627047072e+00 1.189623843574392836e+01 -4.581478693627047072e+00 2.114681742621928038e+02
1.758463376418081339e+02 1.385838105423620092e+01 -1.363636626387975248e+01 1.385838105423620092e+01 1.848482503101005534e+02 -2.168998066436545002e+01 -1.363636626387975248e+01 -2.168998066436545002e+01 1.683394505458294077e+02
5.915331807704495759e+02 3.074856816920469171e+01 -2.961918659007402610e+01 3.074856816920469171e+01 5.138185636647795036e+02 -1.403873763039464251e+01 -2.961918659007402610e+01 -1.403873763039464251e+01 5.572848014681901532e+02
1.975659032779765027e+02 2.862072551566649281e+01 1.671941631237649872e+01 2.862072551566649281e+01 2.000501802981268327e+02 -5.074220392833739268e+00 1.671941631237649872e+01 -5.074220392833739268e+00 2.395976539224152191e+02
1.697034127792191498e+02 8.721272747391836333e+00 -2.525662811092932714e+01 8.721272747391836333e+00 1.773070290228602062e+02 -2.475629221924361900e+01 -2.525662811092932714e+01 -2.475629221924361900e+01 1.460783096419120284e+02
1.781344921973453381e+02 -3.399139023048479036e+00 -2.468136023790828659e+01 -3.399139023048479036e+00 1.771887893228062580e+02 -6.660644472065463617e+00 -2.468136023790828659e+01 -6.660644472065463617e+00 1.401114438468145238e+02
1.833413425944707171e+02 1.324589622924555599e+01 -9.069847747932842097e+00 1.324589622924555599e+01 1.910030382110302014e+02 2.988401178426105087e+00 -9.069847747932842097e+00 2.988401178426105087e+00 2.052098666805534890e+02
1.696363735558103372e+02 -2.532701580458164070e+00 -1.667149050337365068e+01 -2.532701580458164070e+00 1.724952348547267036e+02 -3.561207651960318543e+01 -1.667149050337365068e+01 -3.561207651960318543e+01 1.737013215050903909e+02
1.857049522868700535e+02 1.241767745570500914e+01 -2.408654326724368389e+01 1.241767745570500914e+01 2.062367354343321608e+02 -2.358848684332019729e+01 -2.408654326724368389e+01 -2.358848684332019729e+01 1.572399551795226671e+02
5.993479387544540486e+02 2.535135394636681383e+01 -3.554444603454727769e+01 2.535135394636681383e+01 5.181654874430068958e+02 1.031713457854404936e+01 -3.554444603454727769e+01 1.031713457854404936e+01 5.823300777087567894e+02
1.853366948999996566e+02 1.648119222362973346e+01 -2.525031494446051994e+01 1.648119222362973346e+01 2.008522039764725662e+02 -1.748242536275508030e+01 -2.525031494446051994e+01 -1.748242536275508030e+01 1.459896028745552883e+02
5.833537447098707389e+02 2.512037405713009974e+01 -3.864667258863994448e+01 2.512037405713009974e+01 5.154437307846042131e+02 -6.026464871283756075e+00 -3.864667258863994448e+01 -6.026464871283756075e+00 5.788781256241575193e+02
1.825493656579494086e+02 2.679523356990455696e+01 5.794375707313267121e+00 2.679523356990455696e+01 2.164377614273496420e+02 1.242676858337429380e+01 5.794375707313267121e+00 1.242676858337429380e+01 2.098109128898598215e+02
1.720988168935211320e+02 -2.141690078652902063e+00 -1.107188671122363210e+01 -2.141690078652902063e+00 1.734468412146991056e+02 -2.901958859993562356e+01 -1.107188671122363210e+01 -2.901958859993562356e+01 1.606161872339380068e+02
6.044274139399660726e+02 3.508556477626598280e+01 -2.459496096443446689e+01 3.508556477626598280e+01 5.201721487103924346e+02 6.286707130349902251e+00 -2.459496096443446689e+01 6.286707130349902251e+00 5.694715637235677832e+02
5.978297825910693746e+02 2.247122097123155271e+01 -3.142232365608159483e+01 2.247122097123155271e+01 4.969356340972354360e+02 2.114746782900460076e+01 -3.142232365608159483e+01 2.114746782900460076e+01 5.878820734907664018e+02
6.036047732740331639e+02 1.913014217332897715e+01 -1.687750175061905722e+01 1.913014217332897715e+01 5.108145058916913399e+02 -1.672519096533207517e+00 -1.687750175061905722e+01 -1.672519096533207517e+00 5.553575618555745450e+02
5.975739618830156132e+02 3.341036020959270303e+01 -2.810252356767256998e+01 3.341036020959270303e+01 5.302731117806461043e+02 1.475882493974772380e+01 -2.810252356767256998e+01 1.475882493974772380e+01 5.768046466157952636e+02
1.878908777037586333e+02 3.698930224277275158e+01 5.807810054882120099e+00 3.698930224277275158e+01 2.012913098285190756e+02 -5.769621800835992964e+00 5.807810054882120099e+00 -5.769621800835992964e+00 2.097786233333131918e+02
1.877748777180798072e+02 7.666364568792491951e+00 -1.831737760472574195e+01 7.666364568792491951e+00 1.978195980233639943e+02 -2.020297943362499993e+01 -1.831737760472574195e+01 -2.020297943362499993e+01 1.387967699781045496e+02
1.807997192843142784e+02 2.031144239877469815e+01 -2.039042054778676416e+01 2.031144239877469815e+01 2.274343247700518020e+02 -1.112847047411444024e+01 -2.039042054778676416e+01 -1.112847047411444024e+01 2.044065820427090330e+02
1.928053685259860401e+02 1.379782716823603117e+01 -3.286450481875759522e+01 1.379782716823603117e+01 2.081583983647518608e+02 -8.014645046955116925e+00 -3.286450481875759522e+01 -8.014645046955116925e+00 1.737050642818679762e+02
