6.687219597864437048e+01 1.266875558324915474e+01 3.708011102747758164e-02 1.266875558324915474e+01 5.093412862198923108e+01 -1.413424938910284112e+01 3.708011102747758164e-02 -1.413424938910284112e+01 6.176058044184414086e+01
5.427403150962861389e+01 1.050409671080463347e+01 -2.402933305653455864e+00 1.050409671080463347e+01 7.505160335664851345e+01 5.483003370625327832e+00 -2.402933305653455864e+00 5.483003370625327832e+00 5.355564131690841378e+01
7.029396936099360005e+01 -1.602228293066628595e+01 -6.852470603074371169e+00 -1.602228293066628595e+01 9.529958663242152284e+01 1.071498335484812969e+01 -6.852470603074371169e+00 1.071498335484812969e+01 5.526640131452004567e+01
6.387778790964539866e+01 1.003044495920373080e+01 -7.808716024187141613e+00 1.003044495920373080e+01 7.632827493880878933e+01 5.489941626243877160e+00 -7.808716024187141613e+00 5.489941626243877160e+00 5.928322159606631203e+01
6.743780425598185957e+01 -1.455320343162611607e+00 -5.784663629790516737e+00 -1.455320343162611607e+00 3.907841202083087495e+01 4.917231510193146526e+00 -5.784663629790516737e+00 4.917231510193146526e+00 5.196572386312801228e+01
7.785647171131161315e+01 -6.696760843430277887e+00 -8.054194311188147992e+00 -6.696760843430277887e+00 6.234838044803957047e+01 2.917680121321476472e-01 -8.054194311188147992e+00 2.917680121321476472e-01 7.012397688808121643e+01
7.836960783238771455e+01 4.995178715438373551e+00 -3.979868069079934845e-01 4.995178715438373551e+00 4.484812480245498989e+01 -2.238426789869204236e-01 -3.979868069079934845e-01 -2.238426789869204236e-01 4.645569573057291279e+01
5.602186985029626243e+01 2.536375740498640674e+00 -1.489642048400656194e+01 2.536375740498640674e+00 8.986769484107551875e+01 -1.729973369306599951e+00 -1.489642048400656194e+01 -1.729973369306599951e+00 8.599413217696893241e+01
7.306993867824078848e+01 8.317513432533375495e-01 -1.150567888217610069e+01 8.317513432533375495e-01 7.864508058955239278e+01 -1.083137460222350690e+00 -1.150567888217610069e+01 -1.083137460222350690e+00 7.937911919601035038e+01
7.148959914050128361e+01 -8.624012664542025419e+00 -4.936005254430147815e+00 -8.624012664542025419e+00 6.896246974482795622e+01 7.534135074375263308e-01 -4.936005254430147815e+00 7.534135074375263308e-01 8.631071979345584566e+01
8.741409336729351764e+01 -1.759045183718957739e-01 -1.635631466613481422e+01 -1.759045183718957739e-01 5.401431299236921291e+01 -1.619378701831917056e+01 -1.635631466613481422e+01 -1.619378701831917056e+01 7.365467655421031168e+01
4.779841209057405393e+01 -4.145749783297036473e+00 -7.901620384296434985e+00 -4.145749783297036473e+00 7.450190190694520709e+01 1.276896396689604885e+01 -7.901620384296434985e+00 1.276896396689604885e+01 5.124353097555984959e+01
7.275062459774432000e+01 7.651197468989066941e+00 8.962712855225364095e+00 7.651197468989066941e+00 4.588390069550468553e+01 -1.780904765122773270e+01 8.962712855225364095e+00 -1.780904765122773270e+01 6.475754747320003446e+01
5.923558492246834106e+01 -4.526479984515594523e+00 2.729535176196127733e+00 -4.526479984515594523e+00 3.650242087304066985e+01 4.896199393107358411e+00 2.729535176196127733e+00 4.896199393107358411e+00 7.461709070537162347e+01
7.517148058511018860e+01 1.029626226682287182e+01 5.044603751476747000e+00 1.029626226682287182e+01 8.446238912546623112e+01 1.311397803238294024e+01 5.044603751476747000e+00 1.311397803238294024e+01 7.245989384544431289e+01
6.955245664326771760e+01 -1.281687955361633868e+01 -1.644921297275038796e+01 -1.281687955361633868e+01 5.644418816214971457e+01 6.935999942944084395e-01 -1.644921297275038796e+01 6.935999942944084395e-01 6.710472774337027602e+01
6.913160461390064881e+01 -1.242249064253452850e+01 -5.729502639043742018e-01 -1.242249064253452850e+01 7.103833014010281488e+01 -2.578867782489541849e+00 -5.729502639043742018e-01 -2.578867782489541849e+00 7.923515921616548496e+01
7.951184770417394532e+01 3.729016944871845762e+00 -3.528781254751915064e+00 3.729016944871845762e+00 5.818153104578958335e+01 -1.569074538998380852e+01 -3.528781254751915064e+00 -1.569074538998380852e+01 6.596193959719252575e+01
8.275619566560794738e+01 2.594342697358510641e+00 1.341326411899212978e+01 2.594342697358510641e+00 8.830088492648073384e+01 5.879431796525658172e+00 1.341326411899212978e+01 5.879431796525658172e+00 7.997298043257430322e+01
5.746349181647197213e+01 1.512116680712268124e+00 -1.782758728604780885e+01 1.512116680712268124e+00 6.231089285176061310e+01 5.665937736056241292e+00 -1.782758728604780885e+01 5.665937736056241292e+00 4.388776966373728783e+01
8.646052137721949293e+01 1.977692566224571991e+01 -1.084353196469399094e+01 1.977692566224571991e+01 5.871358020734479055e+01 -1.627691318054447223e+01 -1.084353196469399094e+01 -1.627691318054447223e+01 6.072351563211240943e+01
6.144921495028611957e+01 5.048286406960511563e+00 6.865456566107409841e+00 5.048286406960511563e+00 8.867475124012445065e+01 -3.551852931322440732e+00 6.865456566107409841e+00 -3.551852931322440732e+00 7.859789803733205815e+01
8.469209658335503832e+01 1.128111129759225406e+01 8.194130147227003391e+00 1.128111129759225406e+01 5.800061913722932161e+01 -7.932025508387802182e-01 8.194130147227003391e+00 -7.932025508387802182e-01 6.053563194151840321e+01
7.921042431428350028e+01 1.557970844954171596e+01 -1.041954231388504581e+01 1.557970844954171596e+01 3.743322611339366546e+01 -8.533954050334104480e+00 -1.041954231388504581e+01 -8.533954050334104480e+00 7.485007572129740083e+01
6.983664226061559077e+01 3.442362061842013876e+00 -1.763147942025611670e+01 3.442362061842013876e+00 8.926784356516853336e+01 9.642117697933370479e+00 -1.763147942025611670e+01 9.642117697933370479e+00 6.809665892990166469e+01
6.558562439884271100e+01 1.519092992199946979e+00 -3.775431146880614985e+00 1.519092992199946979e+00 9.589238485720402139e+01 1.227842954932174102e+01 -3.775431146880614985e+00 1.227842954932174102e+01 4.790698567022694476e+01
5.238971070741725100e+01 -1.693287045300624793e+00 -1.314529037413551260e-01 -1.693287045300624793e+00 6.922800010960956740e+01 -3.237795194227177209e+00 -1.314529037413551260e-01 -3.237795194227177209e+00 5.726584784123647154e+01
6.041735640544798258e+01 -2.234707232029546020e+01 -3.749326029764765145e-01 -2.234707232029546020e+01 8.030014218418089911e+01 7.686204864034906770e+00 -3.749326029764765145e-01 7.686204864034906770e+00 6.322897043195901290e+01
7.136900615867297404e+01 1.969942695087142326e+01 4.823878170839243751e+00 1.969942695087142326e+01 7.638134337776466509e+01 -4.149531533814996287e+00 4.823878170839243751e+00 -4.149531533814996287e+00 8.225773085137282692e+01
7.690871280839260749e+01 -2.184303897393241378e+00 3.660093740953151098e+00 -2.184303897393241378e+00 5.431457579570072625e+01 1.388093037749737846e+01 3.660093740953151098e+00 1.388093037749737846e+01 5.572877745194197985e+01
8.440351673773190555e+01 -1.859604637240340308e+00 1.339158928448507258e+00 -1.859604637240340308e+00 8.224748554216989760e+01 -8.988823236632189406e+00 1.339158928448507258e+00 -8.988823236632189406e+00 6.522668645681702060e+01
7.765004753317799668e+01 1.032680210557898270e+01 7.917193764015881818e+00 1.032680210557898270e+01 5.612779675190331830e+01 -1.002604946270852437e+01 7.917193764015881818e+00 -1.002604946270852437e+01 8.556117454647427678e+01
8.528699450814316663e+01 1.165030038905868359e+01 1.114691373408861352e+01 1.165030038905868359e+01 6.284040831118558401e+01 -6.539604164506303441e+00 1.114691373408861352e+01 -6.539604164506303441e+00 8.532678949843109706e+01
7.452018531460041117e+01 -4.528036384086647992e+00 -5.269850933470515919e+00 -4.528036384086647992e+00 9.228532538031974752e+01 9.786243596166542602e+00 -5.269850933470515919e+00 9.786243596166542602e+00 7.006553722431505093e+01
9.024922378635378095e+01 -7.038427680977344947e-01 -3.775704711441735917e+00 -7.038427680977344947e-01 5.012244881001447538e+01 2.898056107240593260e+00 -3.775704711441735917e+00 2.898056107240593260e+00 7.970443439915064232e+01
