7.843659690102600734e+01 1.726560193733378767e+00 1.690057037460801936e+01 1.726560193733378767e+00 6.254443104689021737e+01 -1.751254205894564819e+01 1.690057037460801936e+01 -1.751254205894564819e+01 4.959961511149657554e+01
6.570167895154952475e+01 1.596462179407264870e+00 -1.043301513015849613e+00 1.596462179407264870e+00 9.329092849409056498e+01 2.783664955140459085e+00 -1.043301513015849613e+00 2.783664955140459085e+00 9.929977038804207723e+01
8.364484707124275076e+01 -9.853296321064524577e+00 -5.427076667368008422e+00 -9.853296321064524577e+00 8.960654729670528695e+01 7.531214707335893710e-01 -5.427076667368008422e+00 7.531214707335893710e-01 8.940085844092261880e+01
1.074105029065709118e+02 -2.051730717281785576e+00 1.195730722506814780e+00 -2.051730717281785576e+00 7.065612576636404185e+01 5.277775537152369800e+00 1.195730722506814780e+00 5.277775537152369800e+00 8.536393340290665321e+01
7.421197005206401798e+01 -4.358511809221149669e+00 2.801838355457963559e+00 -4.358511809221149669e+00 7.657051768143585946e+01 9.430220575987913634e+00 2.801838355457963559e+00 9.430220575987913634e+00 9.239064519357826555e+01
9.636341061721792300e+01 -1.382854282023679993e+01 -4.739061990764079191e+00 -1.382854282023679993e+01 9.257108355701953428e+01 1.362817952944150335e+01 -4.739061990764079191e+00 1.362817952944150335e+01 8.553030608842561833e+01
7.866828573004109160e+01 9.957646763296606807e+00 -1.412609841340552386e+01 9.957646763296606807e+00 9.326607128703950877e+01 -1.845241855965952027e+01 -1.412609841340552386e+01 -1.845241855965952027e+01 7.675974234346847425e+01
9.612111735702298176e+01 1.484729888221778715e+01 2.526527550061831384e+00 1.484729888221778715e+01 7.090168473945460903e+01 -1.607837587368975463e+01 2.526527550061831384e+00 -1.607837587368975463e+01 7.995834303393506559e+01
7.962227860548894398e+01 -6.444510759292354507e+00 -4.726055697774071085e+00 -6.444510759292354507e+00 6.761240490152256655e+01 1.148886652118536844e+01 -4.726055697774071085e+00 1.148886652118536844e+01 6.443891707136099001e+01
7.772172665667777380e+01 3.993347545213285610e+00 2.988195920195954258e+00 3.993347545213285610e+00 6.570379504282834660e+01 1.287417897274652567e+01 2.988195920195954258e+00 1.287417897274652567e+01 7.801887580933254185e+01
7.815966294298974049e+01 1.523560521635490606e+00 -2.317698827098099823e+00 1.523560521635490606e+00 9.106959030588488702e+01 -1.283150223707104232e+01 -2.317698827098099823e+00 -1.283150223707104232e+01 7.784648301928719150e+01
1.126830587086785442e+02 8.074538596787316891e+00 9.314334574573058134e+00 8.074538596787316891e+00 7.677498988714567929e+01 -2.494521485883379464e-01 9.314334574573058134e+00 -2.494521485883379464e-01 7.521760738635059340e+01
6.562922417972860956e+01 2.094523920690028973e+01 2.039100890743300809e+00 2.094523920690028973e+01 4.576067379509971289e+01 -2.656054240657641508e+00 2.039100890743300809e+00 -2.656054240657641508e+00 7.573247026181914521e+01
7.108460935001936321e+01 -7.315947884789302691e+00 3.092214744135511895e-01 -7.315947884789302691e+00 7.290572746260821191e+01 3.937314747849703700e+00 3.092214744135511895e-01 3.937314747849703700e+00 8.096730063641804520e+01
7.986568129240606595e+01 2.490772306218140830e+00 1.357741961838990719e+01 2.490772306218140830e+00 1.129399926650415154e+02 -1.160168845345023669e+01 1.357741961838990719e+01 -1.160168845345023669e+01 8.568554180994078706e+01
9.203354551534503969e+01 1.727491814039418472e+01 4.771130037285723269e+00 1.727491814039418472e+01 7.256354459787100097e+01 -8.160777210333682863e-01 4.771130037285723269e+00 -8.160777210333682863e-01 7.823693921018380593e+01
5.708538056476204048e+01 6.371949415320325549e+00 -1.203297261325742618e+01 6.371949415320325549e+00 7.416272075090506632e+01 -1.656799923420614462e+01 -1.203297261325742618e+01 -1.656799923420614462e+01 9.716225496440482345e+01
7.689839436502306569e+01 9.723406091885214764e+00 9.953049358225786847e+00 9.723406091885214764e+00 6.252933513210926719e+01 -1.637340724890852783e+01 9.953049358225786847e+00 -1.637340724890852783e+01 6.685578193500312238e+01
8.191368595089902271e+01 8.237775607491174767e+00 1.772683600052189590e+01 8.237775607491174767e+00 6.497803365715563473e+01 -1.436322628176313732e+00 1.772683600052189590e+01 -1.436322628176313732e+00 6.508618723376822857e+01
6.868549053512093394e+01 4.697992439465548564e+00 1.064427329688103496e+00 4.697992439465548564e+00 6.680166157156847362e+01 1.068344924501657722e+01 1.064427329688103496e+00 1.068344924501657722e+01 8.014598137594747129e+01
8.953406171421889326e+01 9.528554650696195338e+00 9.535695529742433507e+00 9.528554650696195338e+00 7.856097746146440386e+01 -4.956444085561333424e+00 9.535695529742433507e+00 -4.956444085561333424e+00 6.561902758054131368e+01
6.386476812537884484e+01 1.122191935111313477e+01 -6.579390372374723128e+00 1.122191935111313477e+01 5.886508642910284550e+01 -1.265667386071177347e+01 -6.579390372374723128e+00 -1.265667386071177347e+01 7.379641923311663732e+01
6.493033399019778074e+01 -7.718763294143760056e-01 6.604809621459040159e+00 -7.718763294143760056e-01 8.376513885223093325e+01 1.221763766805399420e+01 6.604809621459040159e+00 1.221763766805399420e+01 5.435079198222006625e+01
9.769487447775870237e+01 -2.423858423796801720e+00 -1.636614922090886104e+00 -2.423858423796801720e+00 8.991774104970342307e+01 -2.425648805819661469e+00 -1.636614922090886104e+00 -2.425648805819661469e+00 8.966524319484125272e+01
8.383864496907411024e+01 -1.212658397254654519e+00 -3.810618286482187589e+00 -1.212658397254654519e+00 7.517199538934704606e+01 8.606925114395615140e+00 -3.810618286482187589e+00 8.606925114395615140e+00 1.093911232965466240e+02
9.481727101346629638e+01 6.170075128965671674e+00 -6.504772627134646434e+00 6.170075128965671674e+00 5.076724513184821319e+01 1.385950447267393670e+01 -6.504772627134646434e+00 1.385950447267393670e+01 5.588131771573860362e+01
9.926741161830032922e+01 4.258064935722381428e+00 6.300461750627489366e+00 4.258064935722381428e+00 7.417971666295512989e+01 -1.432993876786446918e+01 6.300461750627489366e+00 -1.432993876786446918e+01 8.037286845865649809e+01
7.577445196337028221e+01 4.271698450376089973e+00 4.061495813838111424e+00 4.271698450376089973e+00 7.928631480672970611e+01 -9.609659302698013050e+00 4.061495813838111424e+00 -9.609659302698013050e+00 9.610597882094711508e+01
7.684813060857595701e+01 -1.463608249571135334e+00 -5.245301141940480250e+00 -1.463608249571135334e+00 7.060487072671908493e+01 1.812401655541155421e+01 -5.245301141940480250e+00 1.812401655541155421e+01 8.965746197068823164e+01
6.829961482031025355e+01 -4.771622551475896756e+00 -6.737286177806805831e+00 -4.771622551475896756e+00 8.619257135397326408e+01 4.561348026601748096e+00 -6.737286177806805831e+00 4.561348026601748096e+00 6.721741487952455429e+01
6.356721187248969329e+01 4.076961554710013758e+00 2.986581075550666098e-01 4.076961554710013758e+00 8.170184347100307320e+01 6.238879826838220843e+00 2.986581075550666098e-01 6.238879826838220843e+00 9.130632520444710565e+01
8.547953399802449326e+01 -5.690521899478148349e+00 -7.881848835265653719e+00 -5.690521899478148349e+00 8.512637101154155062e+01 1.267057163728983049e+01 -7.881848835265653719e+00 1.267057163728983049e+01 8.723743974212871422e+01
7.984036120066321018e+01 1.262475489149451491e+01 1.808226716156636549e+00 1.262475489149451491e+01 7.988264374496611708e+01 -5.311958225272078060e+00 1.808226716156636549e+00 -5.311958225272078060e+00 7.758094148833440329e+01
7.530435518936090489e+01 1.463041422718772111e+01 -4.459066347196228186e+00 1.463041422718772111e+01 7.719269418693154705e+01 -1.062200593626439904e+01 -4.459066347196228186e+00 -1.062200593626439904e+01 5.668911995994811548e+01
5.375628680054037289e+01 7.916941621646720328e+00 3.136457202287283863e+00 7.916941621646720328e+00 7.735959663000349451e+01 -1.860591570426922026e+00 3.136457202287283863e+00 -1.860591570426922026e+00 7.341747661654328283e+01
9.196376625946851391e+01 -1.204679406158616217e+01 -5.988027373942434117e+00 -1.204679406158616217e+01 5.942556982317319836e+01 -8.682010417340174868e+00 -5.988027373942434117e+00 -8.682010417340174868e+00 7.298575541918651766e+01
