2.348010030763558831e+01 6.651781750940429561e+00 8.898594744748020702e+00 6.651781750940429561e+00 1.669992363375067868e+01 4.045904871800970248e+00 8.898594744748020702e+00 4.045904871800970248e+00 2.782144667722363707e+01
7.083536987075746971e-01 -2.420765879848548519e+00 7.846284183262458578e-02 -2.420765879848548519e+00 1.942259514685688160e+01 4.359965163569364144e+00 7.846284183262458578e-02 4.359965163569364144e+00 -1.076489443837715854e+01
2.624694957149286267e+01 -5.609663923252043993e+00 4.098431232283984649e+00 -5.609663923252043993e+00 1.338177192769119195e+01 -1.011627856939705872e+01 4.098431232283984649e+00 -1.011627856939705872e+01 1.548533085383794372e+01
1.152445119197380841e+01 1.440491119968529077e+01 -9.309441718961684487e+00 1.440491119968529077e+01 9.507426090784210970e+00 6.922897349415483070e+00 -9.309441718961684487e+00 6.922897349415483070e+00 1.221001644867187252e+01
2.028304029402632835e+01 5.696631836866584031e+00 2.460402048869000602e+00 5.696631836866584031e+00 4.714720635235808643e+00 5.565531721721059810e+00 2.460402048869000602e+00 5.565531721721059810e+00 -1.501273139777979715e+00
1.448963550886457341e+01 6.056428275046275900e+00 4.234939512023321306e+00 6.056428275046275900e+00 2.746641080341550634e+00 -1.930136035152067553e+00 4.234939512023321306e+00 -1.930136035152067553e+00 3.228730410802881323e+01
2.112577015675976000e+01 -2.764879821627894696e+00 2.758438776539694715e+00 -2.764879821627894696e+00 5.833916745690777006e+00 1.213843056855917091e+01 2.758438776539694715e+00 1.213843056855917091e+01 2.495735447753784086e+01
1.523091235298769330e+00 7.543165668450395600e+00 -8.950847676168601552e+00 7.543165668450395600e+00 1.655306848480107718e+01 4.932311100864588127e+00 -8.950847676168601552e+00 4.932311100864588127e+00 9.848286585986524955e+00
-5.456229119057637078e+00 1.188718773655208061e+01 -3.319307792353317854e+00 1.188718773655208061e+01 1.431674644508363059e+01 9.328020270305934503e+00 -3.319307792353317854e+00 9.328020270305934503e+00 1.886104430673260168e+01
6.115217487970186383e+00 -1.238439645037527725e+01 7.575360825832495593e-01 -1.238439645037527725e+01 2.146429070101799397e+01 2.533630926907489478e+00 7.575360825832495593e-01 2.533630926907489478e+00 1.944958587951379059e+01
2.316645018520544852e+01 -6.114222915534922365e+00 -3.988800349195738448e+00 -6.114222915534922365e+00 1.501964782551854505e+01 4.968851168978502209e+00 -3.988800349195738448e+00 4.968851168978502209e+00 3.515409843325284722e+00
1.587999216789251733e+01 -6.283986321920240314e+00 7.205452323128287873e+00 -6.283986321920240314e+00 3.765954248947349203e+00 5.266727911219438951e+00 7.205452323128287873e+00 5.266727911219438951e+00 -1.040069297521707181e+00
1.317098878841654575e+01 -9.668685245247710114e+00 1.278029955897580905e+01 -9.668685245247710114e+00 1.094061828183763829e+01 -5.656090444755395907e+00 1.278029955897580905e+01 -5.656090444755395907e+00 1.580011836413364534e+01
3.331418452169582878e+00 1.100091469551008672e+01 -1.024060590687603245e+01 1.100091469551008672e+01 1.262405821606497902e+01 1.216026261335220182e+00 -1.024060590687603245e+01 1.216026261335220182e+00 2.499762247793893621e+01
1.173533164891901315e+01 2.547573456650296553e+00 -4.170954845699355928e+00 2.547573456650296553e+00 -1.879563550398138716e+01 -1.772838647709544802e+01 -4.170954845699355928e+00 -1.772838647709544802e+01 -1.062924956388507258e+00
3.231334871083785742e+01 -2.868629832428846615e+00 7.833637207987420581e+00 -2.868629832428846615e+00 2.265646908924852454e+01 -4.581647119702753734e+00 7.833637207987420581e+00 -4.581647119702753734e+00 7.126590560217303860e+00
2.899851094267201290e+01 6.685642058415195876e+00 -1.314517409561267058e+01 6.685642058415195876e+00 1.651861213641308623e+01 -6.739793352226993939e+00 -1.314517409561267058e+01 -6.739793352226993939e+00 1.096998872109195133e+01
9.301894798098071959e+00 -4.342333358308616553e+00 2.803949312801128801e+00 -4.342333358308616553e+00 1.237755325186137867e+01 -1.132000257111532093e+01 2.803949312801128801e+00 -1.132000257111532093e+01 3.088555785955839461e+00
1.951188606310461537e+01 -3.194113327147547921e+00 4.721913515983811926e+00 -3.194113327147547921e+00 -9.750460940836790158e+00 3.231327257639568185e+00 4.721913515983811926e+00 3.231327257639568185e+00 1.932571810866562600e+01
7.920654682345746878e+00 -1.061923868056259268e+00 -3.918159109231160731e+00 -1.061923868056259268e+00 1.109978189688728811e+01 6.969170419987950282e+00 -3.918159109231160731e+00 6.969170419987950282e+00 2.762941345774980917e+01
1.863478165199360248e+01 -7.913776390464400956e-01 -9.422668307043048586e+00 -7.913776390464400956e-01 4.993299628658998124e+00 -4.688968199646699198e+00 -9.422668307043048586e+00 -4.688968199646699198e+00 -3.508375092299948150e+00
1.619761694096958138e+01 -1.241073177375778869e+01 1.639939446222108854e+00 -1.241073177375778869e+01 4.426429474556068833e+00 1.092188697864962776e+01 1.639939446222108854e+00 1.092188697864962776e+01 2.970444675452065653e+01
-1.042025603018095881e+00 7.327915498249907955e+00 8.113719886032779272e+00 7.327915498249907955e+00 1.736917273011925289e+01 1.543199894244974146e+01 8.113719886032779272e+00 1.543199894244974146e+01 -1.600309796644993954e+00
4.122768544052820516e+01 5.937770379314304847e+00 4.717716866105178930e+00 5.937770379314304847e+00 1.236616199773481561e+01 4.134770940512979998e+00 4.717716866105178930e+00 4.134770940512979998e+00 5.933296314199093757e+00
8.346091464877398280e+00 6.157515498641438434e+00 -7.222443724861271619e+00 6.157515498641438434e+00 1.021179580063221159e+01 -7.074958784818277113e-01 -7.222443724861271619e+00 -7.074958784818277113e-01 4.134231857777488983e+01
4.499533002475839538e+00 -1.805808575034468078e+01 9.852900109201159218e-01 -1.805808575034468078e+01 -4.269352918026612542e+00 -2.168274511942487948e+01 9.852900109201159218e-01 -2.168274511942487948e+01 1.080397070486043098e+01
1.301712924842608565e+01 1.612765799359283747e+01 5.166475335364145494e+00 1.612765799359283747e+01 1.436617058445866846e+01 8.977499171777432174e-01 5.166475335364145494e+00 8.977499171777432174e-01 -3.542434970171969066e+00
1.535032741641949627e+01 8.692998894040174784e-01 -3.240118633250591351e+00 8.692998894040174784e-01 1.849552619730677705e+01 -8.736702606095441581e+00 -3.240118633250591351e+00 -8.736702606095441581e+00 1.690679194390678930e+01
2.169335293165446998e+01 -8.800496787013557309e+00 -8.822194688578891331e+00 -8.800496787013557309e+00 8.688989475850645405e+00 9.159557742938648772e+00 -8.822194688578891331e+00 9.159557742938648772e+00 3.167384235866218134e+01
1.110904006668390842e+01 -5.904150681774885889e+00 6.745498806213671372e+00 -5.904150681774885889e+00 1.025872622420898317e+01 -4.297651532212863223e+00 6.745498806213671372e+00 -4.297651532212863223e+00 2.153406963709962341e+01
1.554960938074395216e+01 5.179533288454465811e+00 -5.342487241946929366e-01 5.179533288454465811e+00 2.787402682110907470e+00 -6.372291815261148962e+00 -5.342487241946929366e-01 -6.372291815261148962e+00 2.970444404120451409e+00
3.440155274505561245e+00 1.652574774907369104e+01 8.836310346419375961e+00 1.652574774907369104e+01 8.031302683289490929e+00 -4.774068998161356880e+00 8.836310346419375961e+00 -4.774068998161356880e+00 1.962571617337900065e+01
4.252631015028160277e+01 -1.823854698619779668e+01 7.135871713758676016e+00 -1.823854698619779668e+01 9.283658400864959859e+00 -1.046538762613162987e+01 7.135871713758676016e+00 -1.046538762613162987e+01 2.903526681500666484e+01
2.492738602021477590e+01 -2.084990630208569229e+00 2.020332856196058735e+00 -2.084990630208569229e+00 3.509154511935562937e+01 -8.345687194661447705e+00 2.020332856196058735e+00 -8.345687194661447705e+00 3.196317490740162270e+01
1.884138009104787770e+01 1.542955646068365327e+00 6.077245833634575822e-01 1.542955646068365327e+00 1.678108629846968114e+01 -1.251359110596961166e+01 6.077245833634575822e-01 -1.251359110596961166e+01 2.231868776403488752e+01
1.370942381375410335e+01 1.010959846359861025e+01 1.046647084293952545e+01 1.010959846359861025e+01 1.901826880593490898e+01 1.275957264397353086e+01 1.046647084293952545e+01 1.275957264397353086e+01 1.442388162583826094e+01
